# swept corpus: band=CD profile=P-fin seed=0x1234567 count=4096
# CD = Compact Divide (divisor 1-4 digits; 128/64)
# format: two space-separated canonical decimal strings per line (operand x, operand y)
-831E-2 -420E+0
7900E-2 -75E+0
2510E+0 1323E+0
-9141356E-2 -492E+0
9126885693E-4 -2783E-2
-424700886585332620E-6 -7405E+0
-5340403043148273764E-2 -3380E+0
20285E-4 -86E+0
5608449601440156465E-6 13E+0
-64926483154334573E-6 -90E+0
-25242E+0 -760E+0
-132983331876333E+0 -1940E-2
5878770644339845E-4 158E-2
-686654471E-2 -59E+0
9871146207E+0 -22E+0
-6361530800922683811E-2 26E+0
4758183910E-4 -789E+0
-1813389755954774E-4 -2E+0
-39349236E-6 748E-2
-8237383E+0 7856E+0
-4948566815E-4 7407E+0
-4086676E-4 99E+0
-1361581699407087E-4 -55E+0
2329646562974E+0 38E+0
-5208031225921E-4 7E+0
-51744760067E+0 -8E+0
-7134150E-6 53E+0
88599022051033256E+0 -5E+0
725374738E-4 5104E-2
19E+0 -54E+0
-94636191392833006E-2 -2641E+0
-8632041806323E-4 3E+0
514003748697943E-4 2E+0
7514212742E-2 82E+0
-46075500641336E+0 6289E+0
-9E+0 -46E+0
72E+0 -8E+0
282531E-2 -7228E+0
863720769521761922E+0 1E+0
-929387916E-4 -9E+0
-9572990721871398E-2 59E+0
-346702E-4 1344E-2
51509202019772E-6 -834E+0
314E-2 492E-2
7E+0 3E+0
-497800462E-2 -3E+0
47362890E-2 7E+0
659881773E-2 448E-2
2519558E-4 -84E+0
-7E+0 473E-2
397E-2 8E+0
-49556118593106E+0 78E+0
-597591279E+0 1627E+0
522896609E-6 -49E+0
-156361E+0 1465E+0
9349803E-4 -669E+0
-992410E+0 88E+0
-56776121222243962E-6 5587E+0
-39E+0 -16E+0
-19571792E-4 950E+0
6024127719049E-6 -16E+0
-1484380802038E-4 7E+0
6E+0 270E-2
9601035895641599983E+0 -1E+0
-16384671977843E+0 66E+0
578218657171088552E-6 6E+0
2689521762E-4 -98E+0
111734007652217E+0 901E+0
77428520082997E-2 -851E-2
3235E-2 6078E+0
-607719E+0 -1562E+0
3171602448E+0 -861E+0
1142944116E-2 -3361E-2
-32E+0 -26E+0
-346444940E-2 263E+0
906674759E-2 -60E+0
-5802703995621170312E+0 825E+0
-2125337822E-4 97E+0
619404997692844E+0 -959E-2
-374488300836893125E-6 -4E+0
-68970650E-6 -37E+0
-541796684E-2 -38E+0
34E+0 18E+0
-6E+0 177E+0
-789908E-2 -2100E-2
7578219690149556E-6 12E+0
-765809281E-4 -2502E-2
-166438E-2 698E+0
-73E+0 -5E+0
80607591E+0 90E+0
72671E+0 448E-2
303142883781242470E+0 -219E+0
2515953435E-2 1538E-2
928533507601553E-6 -462E+0
-45565795481E-6 -627E+0
655230725780736E-2 15E+0
205010323752024144E-2 39E+0
7793804371496E-2 -4E+0
-689203484381946133E-2 -92E+0
-5348E-2 -5359E+0
-89352662613E+0 47E+0
488654954780541382E-2 622E-2
-172879036116669E-6 8690E-2
66722258080526E-6 955E+0
883565205589355688E-2 54E+0
81348741370E+0 -8E+0
-15543508331E-4 6E+0
65984920839708854E-4 83E+0
281290600563E+0 73E+0
90138751151336863E-6 -290E-2
4809928580753E-2 733E+0
44884222869677E-4 -6E+0
-938312E-2 9E+0
-58823096E+0 -84E+0
72156E-4 1573E-2
-43799647120117931E-4 2491E+0
42351969867223627E-6 -9125E+0
-973121E-4 2E+0
-3477E+0 -7760E+0
-7469E-2 -661E+0
-188610868720426806E-2 23E+0
533496878402407049E-6 587E-2
-73903864073838E-4 1E+0
-924507E+0 -9664E+0
2348E+0 98E+0
-167215667E-4 -4E+0
649E+0 4593E+0
-9534656939447418E-4 -43E+0
-3520576693006695871E-6 3E+0
-63767008829068E-6 654E-2
-69506153E+0 38E+0
-41193815E+0 896E+0
4499856292E-2 5E+0
53E+0 6486E-2
46424E-2 -3643E+0
65327045145E-6 750E+0
-50159E-2 96E+0
355E+0 -654E+0
-3594472E-2 -33E+0
19E+0 4E+0
-16320E-4 6E+0
-575879081696686E-6 -1637E+0
8417E-2 -989E-2
-9159926682532241584E-4 -571E-2
7599789620566609597E-4 -23E+0
251148956477392380E+0 770E+0
69007037750184E+0 5381E-2
-20586236869979130E-2 -7E+0
-14E+0 -1E+0
2817917E-4 -8E+0
-220906290E+0 -2E+0
81452095E-6 25E+0
9992573972093467E-4 -7E+0
-769388024742687227E-4 9E+0
-549725161959815E+0 7039E+0
-3848E-2 -4139E+0
702140E+0 130E+0
-582376889567E-2 177E-2
519817407162E-2 -30E+0
614781917767909327E-6 7E+0
-5E+0 4498E-2
-3129731463239E-6 166E-2
-6380857843169E+0 -441E+0
711957315695E-6 -75E+0
4E+0 -788E-2
-352176E-2 -7E+0
-7E+0 -8648E-2
678745899E-6 -9271E+0
752002477740564722E+0 7E+0
-149E-2 412E+0
-49E+0 -175E-2
-73166966472448E+0 943E+0
668653E+0 -4E+0
-915165E+0 2585E-2
-51060864032674828E-4 370E-2
40481183157204233E-4 -3929E+0
79860786E-6 89E+0
2477034587558239897E-2 4E+0
-2261233661472275E+0 18E+0
-649179E-2 -7169E-2
72685317538549E+0 -8033E-2
747170E-2 5E+0
5423437979190E-6 7937E+0
681511E-2 6245E-2
-770722476479263E-2 9275E-2
894045167726540991E-2 -78E+0
10981847438E+0 994E-2
-527427125641530214E-4 8849E+0
-4510E-2 -7E+0
-74178E-4 -8942E+0
-62888222E+0 8E+0
-41681E-2 2E+0
-90722772066637632E-2 -20E+0
205204E-4 512E-2
-160561541934774E-2 66E+0
-9077E+0 -46E+0
6E+0 -3E+0
-775073942166E-2 -9598E+0
-906604503980E-4 -690E-2
-86027083287451E-6 -8288E-2
8529276267593E+0 2249E-2
81587990103442940E+0 5508E-2
11492492553E+0 -838E-2
795715103398421055E-2 -2464E-2
-2387376784101E-6 -89E+0
5943061758808E-2 613E+0
-1672632E-4 91E+0
7E+0 -4E+0
187460482509E-4 3E+0
-492301E-4 2300E-2
-4547458844856709313E-2 -8880E+0
-873E+0 -5421E-2
415181793947E+0 -3E+0
-36245E-4 -451E+0
795823879E-6 999E-2
-60216760201105E-2 12E+0
633944051018772617E-4 -6E+0
-82875242E+0 60E+0
34192574903885E-4 41E+0
9295257275328439944E-4 -4984E-2
2800E+0 -597E+0
-5752272541305E-2 -858E+0
-8023854521450E+0 7E+0
932067590809853268E-6 -349E-2
-5619612575064E-4 8E+0
925460E+0 -90E+0
-8E+0 1824E+0
-773004851546E+0 7131E-2
-727063E-4 4607E+0
37918636885685022E-2 -47E+0
-623186952E-4 -793E-2
1716438E-6 4E+0
-17287057290062771E-6 5E+0
61760148497E-6 100E-2
-218034E-2 -39E+0
66465052281077E-4 -26E+0
-3535E-2 -4E+0
-4823321574349E-6 7832E-2
310616838855888599E-2 17E+0
494469221016281751E-6 -6E+0
493945E+0 5E+0
-3712667E-4 9071E-2
895678E-2 1E+0
36554130E+0 243E-2
-8805E+0 -11E+0
-711994716925E-6 15E+0
6953734195338E-2 -555E-2
-51E+0 60E+0
-20570764E-2 -166E+0
-78643017620128624E-6 -5031E-2
-378239608944742E-6 -32E+0
-865E+0 -7E+0
6745337284992E+0 -399E+0
35813E-2 8E+0
362792129E-4 9E+0
9677E+0 4E+0
-22012625E-2 -9E+0
-3933830250E+0 -294E+0
-299171303978E-6 -16E+0
-243842920693E+0 -1E+0
5673041E-2 7E+0
-1981946041341824E-2 -650E+0
-3167060618578071E-6 -3E+0
-646E+0 -1E+0
1253661E+0 88E+0
7E+0 -23E+0
-20535E+0 32E+0
-67720460E+0 -168E+0
3542423473E+0 58E+0
-832700290978125341E-6 -966E+0
-1458923E+0 -86E+0
-574084682418E-6 53E+0
-526270E+0 -933E-2
-1170272360844145E-4 -35E+0
23E+0 10E+0
-8397370610264860E+0 94E+0
-743E-2 8E+0
4927610370E-6 34E+0
-90246567608080E-6 6748E+0
-959360009554850930E-2 -674E-2
11803845326E-6 -7E+0
-12062813011256E+0 -4E+0
-47057468619478E-6 -55E+0
6241443E+0 135E+0
-3735429438206668075E-6 7511E-2
-21021005924968E-6 51E+0
-68E+0 65E+0
-238451999E-4 -8E+0
18703E-4 -5E+0
-354914E-2 1638E-2
-47249391540858520E-2 -46E+0
445E-2 -548E-2
-92113970600E-4 783E-2
-982E-2 846E+0
82608513239032470E-2 1E+0
-530498748E-4 -3E+0
-65997152017321781E+0 3971E+0
-701912906E-4 8587E+0
442925E+0 -78E+0
1354469282E-2 608E+0
-8E+0 -8E+0
-727E+0 -52E+0
-487E+0 4214E+0
275682E-4 -1E+0
7903354E-6 99E+0
-9213E+0 219E-2
-12310410114816293E-2 -8E+0
550414142E-2 415E+0
222843612936992E-6 5E+0
691E+0 2873E-2
-687012080879E-6 -4754E-2
8089280895046E+0 9E+0
-2517321265607E-2 9E+0
867922217132616E+0 6E+0
730777718489E-6 3E+0
-62993656132E+0 6055E-2
-745001191379130685E-6 -191E+0
50659959726939E-4 -90E+0
-993E+0 -6710E-2
-863559652865E-2 -7699E-2
418441E-4 65E+0
157091354513614E-2 3294E-2
8644E-2 122E-2
2584229806815E-6 -652E-2
377631030E-4 -157E-2
6122498384371728354E+0 6E+0
-59537777354E-6 46E+0
3876E+0 -5985E-2
-90E+0 769E-2
-3911634486953E+0 641E+0
82341671270E-6 55E+0
7191007953200678207E-6 3E+0
-773036697893024E-6 -2E+0
3471906763853337549E-4 23E+0
-3E+0 3E+0
87614375983766680E-4 8416E+0
-24830404273926E+0 6E+0
-941210345E+0 -664E+0
6E+0 -73E+0
36650128866832E+0 69E+0
-5311881863E+0 -1E+0
-993943E+0 -40E+0
-1E+0 -6E+0
-10221E-2 -76E+0
-8283E-2 -5295E-2
-1E+0 -6269E-2
-194427E-4 -1727E-2
4279E-2 -1786E-2
4013302791512603E-6 -4E+0
-6784700934E+0 929E-2
-19889E-2 585E+0
6589131E+0 -9E+0
24539E-2 -5496E+0
-55196558233E-4 9104E-2
-325584E-2 -9883E+0
74942139920507E+0 2526E-2
-178114132965328E+0 636E+0
-52473979E+0 -2318E-2
-77559453982502534E-4 -658E+0
713370665473283479E-6 462E-2
10869509687E-4 -8860E-2
3819816051E-2 382E+0
5433882621900085812E-6 -707E-2
-878608E-4 -336E-2
50E+0 -6646E-2
783245255406E+0 -72E+0
-40681517E-4 -37E+0
7997E-2 692E-2
93924576339760E+0 3E+0
-624952848362096E+0 61E+0
7048235E-4 -5E+0
28197150961078E+0 8266E-2
-61919784E-6 952E-2
572687E-4 -6E+0
-21470849E-4 -9E+0
31036E-4 2072E+0
3222080678E-6 3E+0
507623446E-4 -870E-2
-21711673891929317E-4 -1718E+0
-838308903E-4 733E-2
95086364144444E-4 -9E+0
-173153360416501E-2 -7E+0
-9003537847402065883E-2 794E+0
-133173271266166E-2 1E+0
12697801049602E+0 -88E+0
-6259614799664180831E-6 -348E-2
-3226112997E-2 4E+0
-2329608615610222464E-4 -236E-2
-6147E-2 50E+0
-31E+0 3E+0
43506724672088E-4 8E+0
757419E+0 7752E-2
-4121352E-4 -55E+0
946E-2 4E+0
-64E+0 2257E-2
5320464961525478237E+0 6E+0
396E+0 3762E+0
845842502802693E-6 -7E+0
47E+0 212E-2
-92234167331E-6 8341E+0
-62E+0 2783E+0
-6291264233873051E-4 2409E-2
-13E+0 -579E+0
51582846E+0 397E-2
-976790071271490416E-4 -6070E+0
-638120E-4 -390E-2
-867E-2 -64E+0
10E+0 841E+0
-825174365912E-2 -727E-2
95E+0 35E+0
-51E+0 -847E-2
48381995307984101E-4 -1E+0
790E-2 -534E+0
337139897600973766E+0 -9E+0
-9816717129E-6 3047E+0
578443390266E-2 -461E-2
262743257510171118E-4 518E+0
973143171E-2 -58E+0
42510373E-6 -7922E+0
-850E+0 -3181E+0
-7435540E-4 2E+0
-93378280E-4 749E-2
9E+0 6E+0
493972378499536301E-2 23E+0
110E-2 -3580E+0
-550482090887195294E-2 808E+0
155773335E-2 -7E+0
-5806704E+0 2567E-2
260178986690626E-4 -658E-2
-175582E-4 7E+0
-293889172209E-2 2E+0
-334E+0 941E+0
54E+0 446E+0
2237729981824861627E+0 60E+0
-453537380144559165E+0 -487E+0
251762783593919833E+0 -4058E-2
-275765199511513808E-2 -908E+0
752476586898E-6 -9E+0
-29E+0 621E+0
978734905002949861E-4 543E+0
-3086E+0 14E+0
6248132960434407770E-4 8E+0
4013531E-4 -71E+0
2E+0 1E+0
2515845079E-6 8E+0
-5818E+0 -9898E+0
-3891903208E-2 -205E+0
368827E-4 -36E+0
-26591071934E-4 -7E+0
-3306345183E-4 -8E+0
-69350755537E-6 -817E-2
-77E+0 -60E+0
-144180864179384203E+0 -82E+0
-30E+0 842E+0
-4821569900267208242E-2 -2E+0
-818761128635809E-2 -92E+0
47708856408769E-4 46E+0
-2886562236464E-6 91E+0
-755119E-2 -1709E+0
5828247479219580E-4 5E+0
292638465940E-6 -2E+0
9920143E-4 -630E+0
44449401885E-2 3E+0
2554114966928763E-2 3E+0
-2595849343009462759E-2 -247E+0
30967949633884155E-2 93E+0
-836198E-2 -866E+0
4382562E-2 -43E+0
817106852100844E-4 64E+0
1394681E+0 -3657E+0
-377496689888E+0 -616E-2
-4E+0 -88E+0
-76614062E-2 3E+0
93827601090E-2 6E+0
-9850796134E-6 -404E+0
7743657E-4 51E+0
447E-2 -8111E+0
-9315376627E-2 317E+0
-519662737E+0 -94E+0
22320E+0 -5E+0
8E+0 866E+0
76988105999473E+0 -6E+0
3352281942828571E-6 -5E+0
286848900373728E+0 -945E+0
-308E-2 -153E-2
-62949866137639973E-4 -736E+0
-41714664935E-4 4E+0
933E-2 51E+0
-55797761003303E-6 69E+0
-8435578410584224010E-6 -7E+0
-3292915E+0 -1494E-2
-3087781077063E-2 -3030E-2
-3170520E-4 -5E+0
6845871609271167581E+0 -46E+0
-2300486010296E+0 -45E+0
931102116904032E-4 -286E-2
-264089140556E+0 -5203E+0
103754003523998388E-2 7414E+0
27507029246170294E-6 149E+0
-80E+0 305E+0
61898E+0 -7350E+0
847150201618674562E+0 86E+0
10580595514646E-2 -63E+0
3E+0 9E+0
-6783690619E+0 -11E+0
-5518974498357192929E+0 36E+0
-615E-2 -9E+0
795334657029E+0 1E+0
-73938651E-6 1656E-2
547311E-4 4E+0
-4643E-2 -708E-2
9163276001247431630E+0 -8E+0
-816780735008E-4 9514E-2
174181709680937E+0 -8645E+0
-1795099922384510E+0 -3974E+0
350674899621632077E+0 79E+0
1314081316E-6 -4E+0
-9417E+0 -6E+0
-32732651720495053E-4 70E+0
6877974489553E-4 4E+0
909927E-2 9021E+0
-937558E+0 13E+0
317779009383626E-2 -9059E+0
56542745E-6 1783E+0
560649572738855973E-2 -6798E-2
8175795E+0 3868E-2
7669219E-2 -6E+0
25069860E-4 -8E+0
17E+0 2200E-2
-975606430E-6 -9681E-2
61620611E-6 1E+0
90E+0 1305E-2
-6821370095E-6 4969E+0
-7538743673757E-2 34E+0
-19935449910054E+0 6682E+0
55212E+0 -737E+0
-791621372636847969E-4 753E+0
1697553333286E-2 -55E+0
59337367E-4 -6253E+0
-779993302169E-4 95E+0
-8777834156E+0 -9593E-2
-75062701204E+0 -6E+0
4535089326346319E-4 -7E+0
-892995E-2 13E+0
-71E+0 -5783E-2
272618386221E+0 335E-2
13432E-4 -3E+0
-716157346074325E-2 -50E+0
-46714541665258E-6 -112E-2
40535E-2 -8342E-2
4220353E-2 -644E-2
-49076E-2 5E+0
-66504116E-6 -886E-2
-467E-2 -5E+0
-9948055681E-6 745E+0
96E+0 -9636E-2
-59721807E-4 -5005E+0
585730929E+0 2E+0
-598E-2 35E+0
9894702228274E+0 -143E+0
1847489384E+0 5E+0
4436042466976389E-2 67E+0
-1010E-2 -4E+0
-2718673001279520842E-6 560E+0
515648615935100E-6 46E+0
-880380088958E-6 7370E-2
9E+0 -82E+0
-32832028903847E-4 -104E+0
863059315267E-6 -864E+0
6805619797516682088E-6 -850E+0
4274584390838E-2 70E+0
-2248978896225920598E+0 36E+0
30E+0 -8656E-2
-8267902388022382756E-2 4769E-2
-13696946852615270E-6 7808E+0
822705725E-6 60E+0
-8E+0 9284E-2
2774645257E+0 -6E+0
33445097E-2 -87E+0
-5718824329351194579E-2 -5E+0
-803451864704505068E-6 -9584E-2
5867582E-4 -74E+0
-1731281879455043E-6 9E+0
84462579E+0 762E-2
-23E+0 6E+0
-557537403550E-4 8213E+0
274290960903E-2 -381E-2
-78418003516574335E-6 -1E+0
-20932858836279E-2 -250E+0
-714743244207837156E-4 11E+0
72531980E-2 -8488E-2
340456100906284E+0 -1E+0
-2142700E-6 -199E+0
8332654565377983195E-6 950E+0
-553635005606663E-2 -212E+0
-767E-2 9E+0
663927679499927288E-6 -67E+0
-805322415495882E-4 -7373E-2
787614E-2 881E+0
5E+0 7186E-2
14345136597391281E-6 -112E+0
-3E+0 -34E+0
-87960E+0 -892E+0
4552000E-4 1489E-2
-1894271596578387959E-2 6E+0
-5636142269E-2 1E+0
78124764174E-4 -943E-2
7E+0 -4E+0
-549662718068456323E-2 -695E-2
-4088347382820907E-2 835E-2
77275663065E-6 3E+0
97342E-2 -38E+0
52834559E-4 -3629E-2
-5158265670125E-6 -4E+0
-1471891E-6 -2458E+0
85193143E-4 -29E+0
971861E-2 3238E-2
-4E+0 -7E+0
-930069232884176E+0 -8E+0
-935106576088383769E+0 -64E+0
-7663834300241E+0 -4E+0
-295796345151521215E-2 -2E+0
16803733E-4 -834E-2
642343477442E-4 6710E-2
-2595527E-4 -66E+0
-364E-2 -5E+0
158576E-4 4467E+0
-65875851339E-4 -757E+0
84998779529E-4 207E-2
1646025553566892966E-4 -6028E-2
-16723176E-2 82E+0
76188486E+0 1588E+0
3559527759E+0 -6201E-2
-24258994E-6 6871E+0
-2289787744739748E-2 9163E+0
806342987E-2 -4902E+0
-989775421339295E-6 3412E+0
-735810671724749E-6 -11E+0
-72825989E+0 7583E+0
2E+0 8E+0
3784E+0 6901E-2
78E+0 -160E+0
9E+0 -466E+0
-605153070756962E-2 -94E+0
-32736481340042E-2 21E+0
650078317304769310E+0 4985E-2
668E+0 4E+0
2241958398123391697E+0 -2E+0
48283426815844E-6 -4252E-2
35496136985020E-6 780E-2
-654E-2 -4524E+0
-4295755853510376E-4 -3E+0
-821313064034E-2 3E+0
-7811370515820E-2 -8358E+0
949E+0 7E+0
143E+0 356E+0
5989964919E-2 -7E+0
4993111272708210146E-6 -74E+0
-3E+0 268E-2
-837536E-4 1211E+0
798E+0 9E+0
2510848804E-2 -7409E-2
-49E+0 -20E+0
-67440571592950E-4 2E+0
-3635E+0 80E+0
-4389058501E-6 -31E+0
-666082226855948443E-6 225E-2
2025534739232E-4 -17E+0
3909879803E-6 -24E+0
-52116094E-4 1E+0
-18E+0 -2E+0
21833E-4 7972E+0
511609825312787E-6 -5E+0
-630838E-2 -88E+0
-416094834489095364E+0 200E-2
94E+0 783E+0
-81264238040457E-6 -37E+0
33359850452E-4 -5E+0
-26E+0 4806E-2
5517399848112E-6 -5124E+0
44485653E+0 -10E+0
-8580419E+0 586E+0
-883908569957151385E-2 -68E+0
-940E-2 -712E+0
201303932570099E+0 -61E+0
4852473849347343E-2 -8E+0
64963608580E+0 -2678E+0
2229757E+0 2517E-2
-7741431E-2 1382E+0
4843342296E-4 327E+0
-75771848811E-6 77E+0
828214494E-4 129E+0
605204E+0 3E+0
9273861639E+0 -96E+0
-40150082159020E-2 -4E+0
-3666324110669010E+0 -6E+0
26136579388E+0 -694E-2
5248188E-4 -7810E+0
1624330750425E-4 -3669E-2
-767691784131E-6 5655E+0
467754065E-2 -54E+0
-621725539772747E-4 2605E+0
39347095630658E-2 -1E+0
464987325612650491E-2 -235E-2
-9517672455090187E+0 1338E-2
282E+0 -9E+0
5165800191E-6 -840E-2
-25E+0 -1205E-2
5080193199307856384E-4 374E-2
-9629639530313552E-2 -894E+0
2620090080632496645E+0 -4109E-2
-76386038E+0 -3E+0
6451E-2 -63E+0
-67926E+0 -9977E-2
-39737313636E-2 9E+0
117067439100116186E-4 4E+0
510E-2 -7908E-2
36676960233597E-2 95E+0
-10404577E-2 3817E-2
-11E+0 -83E+0
715481E-4 -509E+0
-7721267257818811118E+0 -652E-2
-94471295766077623E+0 -724E-2
-736904458692657924E-6 24E+0
715E+0 3E+0
6413244946493294E-2 -452E+0
-99617E+0 2E+0
-22530641890296082E-6 36E+0
-30923350E-2 -9E+0
7692659211112786E-6 -6126E+0
-159493E+0 -3E+0
-985836202989160E-6 -11E+0
56367E-4 25E+0
-12E+0 -6250E+0
1439E+0 316E+0
98456129257210353E+0 -7732E+0
-138309497E-6 -1E+0
907E-2 -23E+0
18602050591685939E-2 5E+0
-413239229311539E-4 217E+0
-4199299339E-4 -53E+0
27E+0 -21E+0
-1E+0 6E+0
-689253965362E-6 765E+0
225933507E-2 -733E+0
858489283E-4 399E+0
5076406541671E-2 346E+0
558347365255878E-4 -7E+0
8051587096E-4 -5623E-2
-248173148056532951E-2 -803E+0
-231022301935E+0 68E+0
89999419134E-6 73E+0
855471540514452E-2 6147E+0
-446620522996102157E-6 -366E-2
-235485229833E-2 -220E-2
9725242483696575828E-2 -92E+0
-745E+0 47E+0
49E+0 16E+0
-23520E+0 -3E+0
1251793E-2 -38E+0
-48749E-2 -1699E+0
-177E+0 -520E-2
-87095730110513502E-4 -3E+0
-4009E-2 479E+0
-67752636E-4 27E+0
-701590731650931845E-6 231E+0
-9E+0 3036E+0
-9896E-2 -18E+0
-6532121774E+0 453E-2
28E+0 6E+0
-8510308154767762E-4 -3E+0
73033629777698E-4 52E+0
-378249179410E-4 -654E+0
-11211E+0 9024E+0
-549E+0 42E+0
-229192671672E+0 8E+0
18358307573E+0 -5668E+0
-9099973E-2 2558E-2
-1443E-2 1922E+0
-557951553668177E-6 -1199E+0
-489501716656004E-2 30E+0
-470410783E+0 2959E-2
-740289059E-2 -78E+0
-122165297E-6 736E-2
-772667123E-6 1592E-2
316926369370E+0 539E-2
-1430113397548480992E-6 1493E+0
4328E+0 -102E+0
-99598E-4 793E+0
-20448014E-4 7501E-2
-548198439718479546E+0 33E+0
15609867111801308E-6 -5660E-2
-54E+0 3952E+0
-54503E-2 -270E-2
-89104766E-2 -6241E-2
-581480E+0 -3172E-2
3647457E-2 -92E+0
-694957221394826913E+0 200E+0
6824054921598031992E-4 -7794E-2
-62911663120E-6 608E-2
-5236363E-2 -888E-2
995084891161946E-2 -4E+0
82625459488E-4 1E+0
-38390E+0 315E-2
202276756E-2 4054E+0
-7105270181796549E-6 -57E+0
654911219991099304E-4 -491E+0
26626788126584951E-4 -4584E+0
-7708833946801528487E+0 5268E+0
-657048889E-4 -9622E+0
56495552586792E-4 21E+0
7669E+0 632E+0
-64E+0 -617E-2
-76076E-4 -30E+0
-8383113E-6 46E+0
5578082137E-6 -48E+0
-74890E+0 679E-2
91769125550E+0 15E+0
-5630008252E+0 34E+0
5647290E-4 -47E+0
82728189140E-2 253E+0
-710070E+0 12E+0
-13637E+0 -787E+0
78664012E-2 79E+0
-520639E-2 23E+0
9E+0 2853E-2
7360260223E+0 -815E-2
-633E+0 -122E+0
-855039595764164E-6 156E+0
9E+0 -5E+0
-5645295576E+0 -6E+0
-99485E+0 -8071E+0
617214659849887E-6 -955E+0
-61582344638869259E-6 307E-2
-865223561364291E+0 3194E-2
5342E-2 9E+0
-62261145E-4 7E+0
-1309049707E-4 1918E+0
-398115720951873676E-2 -23E+0
31060E-2 75E+0
-134535261166049447E-6 -414E-2
2E+0 153E+0
-7898138840133E-4 -651E-2
2E+0 960E-2
-762E+0 5E+0
-90124226807E+0 -6E+0
306870260285722128E-4 -5599E-2
8151720810175665658E-2 -44E+0
-891166934002E-4 527E+0
5837973474E-4 -3E+0
-2013611E-2 -448E+0
-65294019344E-4 8E+0
884891230982693E+0 88E+0
15E+0 553E-2
68063189E+0 -36E+0
6142021E-4 -5E+0
-3E+0 8E+0
-63079203898472E+0 1E+0
-9273294930978508E-2 -94E+0
181616466E-2 -3E+0
-54572E+0 -7E+0
-3211082635E-2 -7E+0
-2040449903342E-4 438E-2
47E+0 25E+0
-5811879725874773437E-2 901E-2
-663652925820582289E-6 -6425E+0
-1539726E-2 -6539E+0
98686E-4 770E+0
4054135422197695E+0 922E-2
3170486584952E-2 47E+0
1589163346054295E+0 8917E-2
20207E+0 2E+0
-81033193E-4 14E+0
-32369E+0 -1E+0
550939E-2 28E+0
39806E-2 266E-2
-5806477276723474E+0 5E+0
-64693913174088659E+0 817E-2
-1E+0 3298E-2
-658723537122736676E+0 -7347E+0
-9615048E-6 15E+0
-9E+0 -6992E+0
-44015E+0 436E-2
-7389E+0 717E+0
-33054636521E+0 6360E-2
66280624E-2 757E+0
13397475E-2 -89E+0
-8142879079245E-6 -4E+0
811414E+0 -2378E+0
38585105930314E+0 -77E+0
-5E+0 -424E-2
-8184630099741261E-4 6279E+0
27359055797010E-6 -5672E-2
2E+0 -2E+0
345562992898545037E-6 -79E+0
-455E-2 -72E+0
283747897793955490E-4 -49E+0
83863648114785E-6 12E+0
96E+0 576E+0
92E+0 -6E+0
-466894E-4 -70E+0
764469734196685561E-6 7E+0
5E+0 -46E+0
-16895115895392121E-6 -656E+0
-3945916E-4 -56E+0
-5409E-2 -3E+0
-66E+0 917E+0
4879874086E-2 727E+0
-6625362743156889E-6 -1306E-2
279715071E-4 -9418E+0
1E+0 -400E-2
3186786365236506401E-2 -1E+0
-96427196021E-2 7E+0
-84756741410257E-6 444E+0
9449663687E-6 -108E-2
-1448268295E-6 -921E-2
3595342528E-4 -269E+0
-986590863E+0 4E+0
423453277351E-2 -7E+0
9297899870282284156E-4 6E+0
329789145405965E+0 1E+0
-41814504022557639E-2 -7E+0
-65524825388554768E+0 455E+0
11428298394E-4 -9E+0
38340211027E+0 90E+0
-344835219825535E-2 -17E+0
4219771E+0 -35E+0
-68236785118991E-4 -2E+0
-8771426755E-2 -6E+0
798782E-2 56E+0
752014627290393E-4 321E+0
36294056830E-4 -5223E-2
75174369014388725E+0 956E-2
-13501390594E-6 6E+0
-9702089E+0 -4495E+0
15924168E-6 5019E+0
71900931048E-4 -63E+0
-529943E+0 -6E+0
-3733359821091352628E+0 -970E+0
6058436915975205E-4 33E+0
419627130006E-2 30E+0
-65782862E-2 1875E+0
48E+0 -2201E+0
9246117571014E-2 48E+0
-173136186E-2 43E+0
-1498606E-6 -9E+0
91140212220982E-6 17E+0
438562810710E-6 -67E+0
-521227044186841536E+0 -59E+0
-13412114E-6 3626E+0
8213E-2 -30E+0
76E+0 -82E+0
8133812130E-6 -4093E-2
1476E+0 8E+0
97094972806E-4 -53E+0
69360412E+0 5E+0
-8749089E+0 639E+0
44249683026782E-2 1251E-2
79E+0 9E+0
897721E-2 3004E-2
299379E+0 1E+0
83953E+0 4502E+0
-62666086346923E-4 355E+0
-4671379470377246E-2 30E+0
-5477570047471027E-6 4913E+0
752916025647E-6 -197E+0
58607087E-4 -4280E+0
775348768531089E-6 771E+0
249E+0 -45E+0
5371969906280883261E-6 -842E-2
2475896E+0 24E+0
197714093097E-2 -8117E-2
23046182916991E-4 8852E-2
-7679796905436572528E-6 -54E+0
-259322982538E-6 3193E-2
-262230211E+0 -29E+0
-24397589024351396E-4 -16E+0
64260834878786E-2 331E-2
-86242638935824665E-4 8862E-2
-9220E+0 -2442E-2
9432538545581E-6 -69E+0
79273429004485E-2 -1571E-2
-749220880E-6 66E+0
-9E+0 -152E-2
-77899510345296E+0 1E+0
-3E+0 8936E+0
-792E-2 -709E-2
-2623010919820698E-6 49E+0
-66016970E-6 -726E-2
152347E+0 751E-2
633163012522578124E-6 -667E-2
883109360241768406E-4 41E+0
-2452651034247508705E-4 5E+0
-59513333126742E-4 -7221E+0
-7976003368998E+0 37E+0
2695584787E+0 -88E+0
-5246E+0 8744E-2
58136065E-4 -868E+0
-28E+0 460E-2
-40E+0 -105E+0
49E+0 5E+0
90786539093675155E+0 55E+0
905E-2 -5979E-2
-9131E-2 9733E+0
-81265954358E-2 41E+0
8E+0 309E-2
-645602310812E-2 61E+0
899E+0 24E+0
-9694520878424432E-2 -3E+0
7235090961E+0 -975E+0
-73030361452593E+0 57E+0
25E+0 -837E-2
-2920804439039E-4 -6E+0
-93929E+0 -942E-2
8371267E-6 -88E+0
2263386145860996E-4 134E-2
8097463012301776E-6 -772E-2
2E+0 121E-2
-282274498428E-6 -56E+0
-6521278625E+0 -750E+0
71435393E-2 7102E+0
-52162221E+0 523E-2
1335424143287E-4 -8793E+0
148870008766216E-6 7308E+0
3796E+0 -74E+0
-539159167946E+0 -5810E+0
25907E-2 -4971E+0
-334594948E+0 8737E+0
861306454485890860E-6 1715E+0
825758E-2 -48E+0
371621E-2 -12E+0
979154285459703666E-2 53E+0
450889E-4 233E+0
6480452170251207E+0 -7E+0
83E+0 571E+0
-7989E-2 45E+0
229148E-2 285E-2
-6909573533E-2 54E+0
214349140221719E+0 8E+0
573928145358323E+0 -978E+0
-88320056526E-6 978E+0
8E+0 36E+0
75861677379E+0 -4290E-2
946026018741605E-6 -144E+0
6568508E-6 -65E+0
-209449821095E-6 77E+0
-9298175134265E+0 -9E+0
6714349806032671E-2 4471E+0
2E+0 -72E+0
379E-2 -13E+0
86709208E-2 -50E+0
3727403453097E+0 503E+0
961496011295654844E-6 3493E-2
6682807E-2 48E+0
-260518E-4 7420E+0
-767353E-2 -1868E-2
-9231839968811153275E-4 216E+0
-317817474E+0 77E+0
4009636E+0 9E+0
143564678308193827E-4 895E+0
55723E-4 7446E+0
-3362982841399965E-6 9348E-2
7760006024E+0 -655E-2
4260247E-4 -8E+0
42635338553631993E+0 -9242E-2
-955110284E-4 -78E+0
-5955200740169839899E+0 -249E-2
-38995098925262E-4 6E+0
-84149662347829E-6 7477E-2
4939896275884E+0 6334E-2
-526E-2 -1E+0
-9529514028545163E-2 850E-2
390987354543E+0 -35E+0
-453837888480E-4 522E-2
-36852403E+0 -2E+0
-880935827504E+0 -128E+0
-318E+0 -56E+0
931097105213E-2 92E+0
-32E+0 -6243E+0
413832176346456E-6 -988E-2
496399011848121018E-2 -210E+0
-74858117299E-6 -7509E+0
247E+0 -921E+0
9618194541E-2 -8750E+0
-35991E+0 -78E+0
-51401555E-6 75E+0
9179367697517E-6 310E-2
-983208211231E-2 -81E+0
-64494E-4 -2645E+0
-1948407627812229113E+0 -445E-2
10E+0 16E+0
414151525807478E+0 782E-2
26268639429257E-2 -4673E-2
7952168E-6 -6E+0
34002587284E-6 -4081E-2
-752178E-2 934E-2
-961E-2 12E+0
-16E+0 21E+0
824633197E-6 -5E+0
-6597344188460565520E+0 -1426E+0
9533052077796E-6 4E+0
404599270E+0 -345E-2
-650929875047E+0 -495E+0
8456900922E+0 84E+0
-175490E+0 -9E+0
167254008E+0 5E+0
-672661981507E-4 8E+0
-7829917897329513924E-6 -878E-2
2261958442458E-2 -7426E+0
-69158251E-2 6E+0
3E+0 -431E-2
-14708E-4 -459E+0
7754E+0 -73E+0
-60567213140239E+0 8E+0
17508032742931176E+0 -81E+0
-5333190540525354441E-2 -6351E-2
968625722175597590E+0 -71E+0
3434950821502E-2 -8E+0
2430101E+0 -2506E+0
4164720063935790E-4 -470E+0
1931364482919447E-4 -5239E-2
-5E+0 -52E+0
85E+0 -59E+0
6087440079723964908E-2 5E+0
2501680495575E-2 -5E+0
-7557119394998759322E-2 5292E+0
46E+0 6163E+0
16015326E-4 -418E+0
-66383318723375149E-2 3E+0
-7725564E-2 9735E-2
444726508484E-6 -780E-2
-221591E+0 -822E-2
-344508359302413E-2 -664E+0
-35140692549557E-6 8337E+0
-84832E-2 -5E+0
7784117818681E-2 7745E+0
120461125151E-6 2443E+0
-14086155E-2 603E-2
-8970E+0 2E+0
-70104999E+0 7249E+0
-912196535E-4 -457E-2
4352827E-2 -7841E-2
2148585E-6 -412E+0
-844197156858306317E-4 -6838E-2
-4E+0 -683E-2
-16584120E+0 76E+0
-5111617655298467E+0 13E+0
495797290202E-2 -4E+0
-7446122063175E-4 27E+0
12596289E-4 -31E+0
-354174705926360E-6 -815E+0
-251120679E+0 8353E-2
-37902528051654149E-4 -4107E-2
3E+0 -29E+0
75288218800702E-2 -64E+0
318956E-2 -8E+0
-55866590405115141E-2 -2311E+0
1581E+0 -84E+0
4960270E-2 -3631E+0
-883E-2 -223E+0
953536369364735273E-4 -754E+0
9967599905117E-4 -6364E+0
3372972564139E-4 72E+0
6538E+0 232E+0
7853E+0 62E+0
98269646716999E-2 860E-2
-456689788822E-2 -2984E-2
-7486710053451E-4 558E-2
10420798E+0 -543E-2
64094833E+0 -7227E+0
-50E+0 -75E+0
-2151588153303969E-6 1E+0
-815838E-2 99E+0
320641E-4 -756E-2
1E+0 -4E+0
-21177740735365448E+0 5E+0
8596869137858547591E-2 3E+0
-116E+0 3E+0
31906354488361772E-2 -823E-2
-292157431902E-6 -4458E+0
36091949129E-2 172E-2
-4214740E-2 3946E-2
5316748527888702272E-2 3E+0
-7598452E-2 452E+0
-381818E+0 -5247E-2
93489022189387052E-6 -8376E-2
61243805329E-4 8E+0
371181265054063E-6 -35E+0
-3559829990E-6 114E+0
591893198E-6 3296E+0
-978E-2 -5E+0
28488E+0 -6E+0
554732479E-4 1E+0
57478E-4 -5E+0
-823787092859545771E-6 9E+0
305828086281123E-4 -96E+0
643855E-4 555E+0
-582056175E+0 330E+0
2894587865E-4 -5E+0
-651328226E-6 293E+0
73709486766E-6 -117E-2
-54436957402522486E-4 -423E+0
4997559402952187855E-2 -455E+0
375796960157615E+0 661E-2
37005E+0 -648E-2
-21E+0 -5E+0
496228507342E-2 -20E+0
92E+0 -560E-2
-393417879E-4 -184E+0
868E+0 2425E-2
272764E-2 4E+0
-6E+0 6E+0
87352395543E-4 -4503E-2
-7457E-2 6484E-2
-2E+0 -78E+0
63498995735587760E+0 -881E+0
19605E-2 -1564E-2
-18317E-4 5673E+0
-6051030972E-2 -745E-2
-4138779E-4 12E+0
702511695738766E+0 -884E+0
-9891E+0 4E+0
822469288433E-4 2774E-2
8980019590750923871E-6 9679E-2
-846067E-2 75E+0
86440879788E-2 -8E+0
20033423457E+0 -93E+0
-68568149593E-2 6130E+0
4E+0 614E+0
-6495914873339219E+0 -6033E-2
332086E+0 3797E+0
-709425660618E-2 427E+0
6507041982337867563E-4 7682E-2
-2E+0 -2597E+0
28E+0 -4186E-2
7714534674086226006E-4 -9E+0
8628762E+0 -79E+0
94E+0 247E+0
-4057464158E+0 -935E+0
-262441602542326877E-6 52E+0
-181E-2 9E+0
-40133186E+0 -7533E+0
-451934E+0 8E+0
-36223337012101940E-2 4E+0
23114166E-4 -7E+0
-327424E+0 3E+0
-450198405E-4 -21E+0
-489E+0 3729E-2
-5044692311E-4 6092E-2
12E+0 -33E+0
76563315271633E-2 -8E+0
-121833057541E-2 -5E+0
-98697165E-6 6877E-2
113660E+0 -403E-2
-256E+0 -840E-2
-913440192147076716E-2 49E+0
-3674968236480E-2 -31E+0
-98684827304E-6 632E-2
140812444E+0 -2804E-2
-389E-2 -4643E-2
-3324711E-2 69E+0
4726E-2 -7014E+0
29063469077479242E+0 -7E+0
-824246E-4 929E-2
-5330699149919E-4 -9011E+0
-6E+0 762E+0
99E+0 -7203E+0
-4499715258592876E-2 -1E+0
915951524E-4 -14E+0
-753514582943134E+0 7924E+0
-9E+0 -805E-2
962780E-2 -457E+0
-1904E-2 -5723E+0
920976E+0 -9E+0
-261979293768356574E-6 5E+0
52042E-2 3E+0
-79170E+0 26E+0
-73446008E+0 671E-2
-400117E-4 -16E+0
-5540140620003449878E-6 -6448E-2
858518279691997E-4 -701E-2
33485056E+0 294E+0
-78834773680E-6 -370E+0
49298954489E-2 8209E-2
-1088521157491563803E+0 -3E+0
104943569048467027E-6 -6E+0
333847934600756760E-2 908E-2
417790E-4 7706E+0
851080E-2 -45E+0
-4112722E-6 99E+0
956630437E+0 875E-2
8051076E-2 -7252E-2
3580698E-2 6218E-2
741174E-4 -525E-2
-47925734306955375E-4 995E+0
328050978E+0 -809E-2
-5659689882912E-4 -9E+0
236611259924681E+0 5E+0
-2651E-2 125E+0
-1493688026002613E+0 -79E+0
1898068E-2 -58E+0
96765564E-6 594E+0
-92355726390E+0 8E+0
48E+0 -8523E+0
-5E+0 5E+0
-6451494944636396E-4 -24E+0
-63625805146E-6 -1116E+0
64168906735E-6 -712E-2
967194027084E-2 4E+0
-8143090929920690284E+0 -545E+0
-64889116040692E-4 -916E+0
-6715557E-6 -23E+0
59129E-2 -4926E+0
5107470E+0 -7E+0
45353934677E-6 -34E+0
951062399861479416E+0 -9E+0
385E+0 560E+0
-430165473094E+0 -9E+0
13688800E-4 864E+0
-904598E+0 8E+0
-104225E-4 -14E+0
2095840527E-2 -99E+0
-1474821134520227516E-6 -41E+0
15669931402517E-2 5E+0
-918541740961268165E-6 -601E+0
-6554157392121979344E-2 -5981E+0
7427712434E-2 836E-2
3648303538946E+0 -9735E+0
774356105635179E-4 -25E+0
-79117542E-2 1572E+0
-385928E-4 -89E+0
93232048E+0 92E+0
-7603E+0 607E+0
-987020504468E+0 6347E+0
-1981943E-4 -237E+0
46913032E-6 -3850E-2
-83615266E-2 335E-2
291694062E+0 -1222E-2
487956212E+0 -8827E+0
446283303176E-4 9242E+0
-5E+0 -125E+0
-2677179878E-6 6E+0
85185254076440E-4 -4809E+0
325E-2 -1E+0
-214E+0 -5889E-2
579830656490603E-2 7048E-2
7300299184752443E+0 -87E+0
-5955307282615641352E-4 -629E-2
270425147E+0 -37E+0
9168460194393022E-6 93E+0
54070825702778904E-6 -2E+0
668915E-4 -1E+0
-90005841E-4 5469E-2
481200166E-2 -235E-2
-3314289164254E-2 -50E+0
-2358E-2 170E-2
8E+0 8E+0
-6810124434E-4 523E+0
944200E-4 -12E+0
3793067632E-6 43E+0
-54207255626252692E-6 -809E-2
-63E+0 39E+0
-569810133587E+0 10E+0
-76E+0 8360E+0
664E-2 1E+0
3734906769E-2 -718E+0
572759834482890119E-4 5E+0
-1573230E-2 -32E+0
-2305569350346E+0 -2367E-2
-115309851E-2 -1E+0
-973499148792E-6 -832E-2
-3851909111E+0 88E+0
3099087070746965E-6 89E+0
-59122997544866828E-6 -39E+0
656620420993E-6 -32E+0
-1750249427650130E-2 6E+0
102725987E-6 62E+0
5401735E-2 372E+0
-1678865359214E-2 -68E+0
502E+0 9E+0
-6E+0 61E+0
-4092855739234E-2 -37E+0
-5659703544E-4 810E-2
-52501168E-6 5E+0
-29111198771018198E-2 34E+0
-22594E+0 -9E+0
331925545E+0 233E+0
-720200422E+0 6789E+0
3447876969E-6 100E-2
-8199E+0 -3E+0
13361E-4 -6675E+0
-45E+0 199E+0
-7731247742509E-2 -226E-2
1E+0 5E+0
-79191723E-2 -63E+0
7587804233683E+0 560E-2
48672946E+0 763E-2
-4663215393E-6 86E+0
696618693791E-6 -70E+0
8079E-2 95E+0
316639E+0 18E+0
4172719888555202214E-4 7E+0
-296232818035291E-4 996E+0
-1681471362421456663E+0 -474E+0
-38952069556096E-4 874E+0
-7062267967433E-6 -665E-2
-8861E-2 -67E+0
-3823665914823242E+0 -36E+0
-4646822098E-6 -218E-2
-841100017422326625E-4 -8E+0
-804949632561269521E-2 7E+0
907408E-2 14E+0
990069345027E+0 -8E+0
-96272E+0 6E+0
-5487934171294033266E-2 -862E-2
-4E+0 7E+0
-3876292E-2 25E+0
-498877241374482535E-6 257E-2
7E+0 -46E+0
60737360E-2 1297E+0
-22658381E+0 -178E-2
-530805939316333591E+0 17E+0
6127251153614E-6 172E-2
542252980552043689E-6 -9E+0
-58684711E+0 225E-2
3E+0 -164E+0
-653663E-4 550E+0
-978E+0 -3E+0
45575774432943620E-6 856E-2
-6891E+0 9173E+0
-7507232968054696291E-4 303E-2
-41548602455530E-2 43E+0
5E+0 -9E+0
-920E+0 1E+0
7943785977E+0 -2E+0
-886260E+0 9861E+0
367E+0 2740E+0
-8761209E-4 5645E-2
-14796902E-6 51E+0
-4240640788600700E-2 6E+0
-95982471068233465E-6 351E-2
3802923449508796610E-2 68E+0
249836503797143E-2 -67E+0
-2302585989E-4 -2E+0
-204815742801E+0 787E-2
-14E+0 -21E+0
139401225798598104E-4 -4E+0
-459705813226160743E+0 9E+0
2E+0 4E+0
581043168675289E-6 3465E+0
68983837246447182E-6 -2385E+0
-7962045194715618792E-6 -831E+0
-707E-2 -102E+0
-5649821E-6 47E+0
9948840E-4 -995E-2
7644E-2 -7373E-2
-3439785946842E-2 -5639E+0
49895990E-4 -6E+0
-955516003338861589E+0 -95E+0
4367027505E-6 -863E+0
-41717019E-6 9315E+0
-5423863676124464748E-4 5E+0
-59411487714074E-4 279E+0
-4199452030E-4 -5917E+0
3339411753217096922E-2 -353E-2
72554626852549E-2 -16E+0
795943579E-4 -89E+0
-44168E-2 -1967E+0
941664E-2 71E+0
5419659681765E-2 -642E+0
-1E+0 7860E+0
9380206025172E-4 1E+0
138762870E-2 316E+0
-7411573124801E-4 997E-2
-5819374156453008E-2 -24E+0
553691292E-4 -8170E+0
-216743814400E-2 718E-2
-466557679E-4 4E+0
-4E+0 -543E+0
-553812E-4 -6653E+0
-97062831199E-4 -5236E-2
34986E-4 -296E-2
-457015920836170524E-6 -9259E+0
2332657580E-2 54E+0
-6418E-2 9532E-2
-376687007E+0 560E-2
951591628084307662E-4 9E+0
32E+0 972E+0
-993512185E-6 7656E+0
6E+0 666E-2
-98377832841E+0 -222E-2
-25053498E-2 6806E+0
-8188084653E-4 -8E+0
47883E-4 -840E-2
764628765560909E-4 119E-2
-25896206322480E+0 -2155E-2
-6E+0 -6E+0
-63469133875294451E+0 -631E-2
243089040241E-6 92E+0
84051680503E-6 -6356E+0
-7394048543471661676E-4 687E+0
-751502417485322E+0 7E+0
2E+0 3E+0
-819592E-2 -7E+0
6355534885E+0 8008E-2
-8598537715634E+0 -57E+0
79775487E+0 -51E+0
-69577E+0 -80E+0
-977162175E-4 -796E+0
-3341512379877310117E-4 -9397E+0
-71E+0 -46E+0
58420093762509716E-2 68E+0
4637E+0 3291E+0
616239685369941941E+0 -15E+0
1200606316E-6 -4670E+0
59644408564394E-4 98E+0
31424E-4 -6775E-2
-270900176791861900E+0 -5E+0
-8177749210655E+0 1151E-2
547684891E-6 5E+0
51070296559657E-4 -725E-2
27476805454573E+0 688E-2
-366E+0 -9181E+0
-3566488674078239E-4 12E+0
-7636463595678E-4 376E-2
-8504947938E-4 -81E+0
-630066E-4 -57E+0
-98781972079471E-6 813E-2
-926287898E-2 8E+0
5093445E-2 -1011E-2
-807E+0 1675E+0
31710079E-2 -78E+0
-43E+0 6362E-2
5454550297155538E-6 -257E-2
-9474175548E-6 6E+0
801438981E+0 -251E+0
7896258479045206543E-6 51E+0
672060910E-4 -81E+0
-422812383605809E-6 -4E+0
3353E-2 -1E+0
48376689E-4 -4E+0
724E+0 9916E-2
-29365112478783181E-6 -9E+0
-2428309211062E+0 3E+0
-92298560873E+0 6915E-2
22536830842E-4 -63E+0
-2042509E-6 -63E+0
-7140937001E-6 -3E+0
2623344930634329E-6 3E+0
-247799568766812867E+0 -484E-2
-535239987E-4 -606E-2
31938673E-4 -38E+0
8220717156940E-2 -81E+0
-14524035402859E-2 -24E+0
-3086601465379662232E+0 562E+0
-816055728444568744E-6 172E+0
-9802E-2 -6E+0
-20199378437E-6 908E+0
-69351346345E-6 -2676E-2
-3774754E-4 -5624E-2
82609140658525290E-6 -8E+0
-74420674E-4 -9E+0
-69E+0 276E-2
-7934736E-2 -8134E-2
7208207E+0 7309E+0
-12060585497657E-6 78E+0
-86292304E-6 5E+0
1651085091023559417E-4 38E+0
1893E-2 5238E-2
833288602094166694E-4 -453E-2
4860000E-2 9898E-2
2E+0 -2E+0
-131584393281438E-4 59E+0
756037E-2 7E+0
77959E-4 4298E+0
-244533E-4 4013E+0
-224E+0 513E-2
-1977157732E-2 32E+0
-8528729E-6 1E+0
-474584273958E-2 9E+0
520505685156109E-2 -72E+0
-178255962220735631E-6 1E+0
30E+0 -5583E+0
-1610746460496E+0 -2E+0
-4E+0 879E-2
-92710009983E-2 -2887E-2
-6752919102391671056E-2 33E+0
682911210E+0 -30E+0
-709986793E-4 6E+0
49647334E-2 3E+0
9569E+0 -787E+0
-23311420344340126E-2 -347E-2
-8126011924E-2 2699E-2
-87913309531E-2 850E+0
93755625E+0 5334E-2
8077E+0 5132E-2
-266394957455439E-6 -7E+0
-4868174020977544E-4 48E+0
-54184895666944777E-4 2008E-2
535487E-2 -594E+0
-59159154E-6 39E+0
-701438661052170061E-4 -385E-2
-617E-2 -769E-2
-1915586220353143E+0 -9E+0
58340454267096322E+0 -23E+0
-1758385280821450E-2 -2039E-2
-11436881693293E-2 -770E-2
6831722201847552E-4 96E+0
-665549E-4 4E+0
-96078959815613011E+0 20E+0
3606163266E+0 42E+0
-738875955039980254E-2 -595E-2
7490166548608E-2 8E+0
4262791621E+0 316E+0
-8E+0 547E+0
294673369E-2 -6890E+0
-84E+0 823E+0
-45521030540E-2 -8753E+0
6463872119E+0 8E+0
94499E+0 -3031E+0
-86003807323050E-2 7E+0
-55016623870194E-6 -527E-2
356973E-4 -2291E-2
338157E-2 -6E+0
-373003654189578666E-4 1E+0
171449181282808942E-4 97E+0
46983550E+0 4325E+0
-47723511448259815E-6 8141E+0
7187950964958750E-4 8E+0
4095125E+0 2E+0
-395E-2 642E-2
-8746137355E-6 972E+0
-6508E+0 -3E+0
952367891294E-4 -222E-2
76411E-2 2E+0
-635458722152384E-6 5E+0
6811E+0 52E+0
22685732535E-4 -10E+0
3608793154E+0 395E+0
-91510911E-4 -2E+0
-222499E+0 -5E+0
-523402248894824226E-2 38E+0
-79081842734E-4 -248E-2
-2722946269E-6 3E+0
-8948651523777954511E-6 3681E+0
977590815636335883E+0 8E+0
-391826733401589446E-6 -875E-2
-8698987344222313E-6 -8656E-2
87E+0 -718E-2
4505863E-6 -65E+0
1503781E-4 -57E+0
329E+0 738E+0
-678504521605E+0 7E+0
25181830E+0 572E-2
-685E+0 739E-2
-93500E-2 -254E-2
-806E+0 -766E+0
876148327550103E+0 -25E+0
519626252696432E-2 -796E+0
61844840830E+0 114E-2
-168653621E-4 -6143E-2
43845E-2 319E-2
-719448574278E-4 -2E+0
4216160E-6 -9E+0
-8731839581626926E-4 -60E+0
-5428867541750E-4 8E+0
36660093E+0 -936E+0
-10505095234604819E+0 -30E+0
7E+0 -8E+0
254473408490146986E-4 -69E+0
5207106365855408901E-6 -786E-2
-81786042870603763E-6 -531E+0
-792159E-4 -2E+0
218E+0 98E+0
249E+0 97E+0
7041884994704E-2 -4007E-2
21363011076551188E-6 1651E+0
11289355301370048E-2 -9E+0
-923779E-2 8900E-2
704888119867E-4 -5E+0
-220482E+0 3E+0
-202826607696490E-6 -8247E+0
27648321815719E-2 264E-2
162E-2 -570E-2
60064768789558513E+0 1984E-2
68663178143380539E+0 29E+0
9E+0 7E+0
935E-2 676E+0
-7806330067E-4 -9428E-2
-972488920206306E-6 -47E+0
47599E+0 -9E+0
122199732923227971E+0 -75E+0
267448919795685E+0 424E-2
-9865218859216855E-2 6E+0
3808E+0 -204E+0
815048998709141646E-6 -4029E-2
-456703130E+0 1E+0
-57774820166E-6 9374E-2
564117760486915634E-4 84E+0
18729953377E-4 -2E+0
-714708E-2 -4E+0
-768145916649E-4 -744E-2
-39780775E+0 -9E+0
-6022873239E-6 42E+0
769398056949153500E-2 -545E+0
-599003530614E-6 -725E-2
981744137154436E-6 433E+0
-50E+0 2E+0
72048649632278816E-4 5E+0
8E+0 4856E-2
-308163E-4 446E+0
-71809883453233E-6 6E+0
-7383096534530033E-6 -638E+0
-8896435724309663231E+0 523E-2
858573E-2 5E+0
610820734233578E-4 -51E+0
494773E+0 1425E+0
42213497477926E-6 -1348E+0
6511563E-4 -8E+0
-7509528E-2 -4E+0
427216E+0 -5056E+0
-22825612951E-2 -2087E+0
-2795010223763E+0 990E+0
86730E+0 -70E+0
2E+0 -5E+0
-214560338741E+0 -80E+0
780E+0 1E+0
7177142238E-6 97E+0
56194E-2 7E+0
855366E+0 -248E+0
-27571189021E-6 -658E+0
-77439622E+0 635E-2
-74603720938419E-2 62E+0
-8544667E-4 -9E+0
-71517785176918E+0 -2E+0
-776402196942730E-6 8678E+0
633662007E+0 447E+0
9524613279E-6 -9944E-2
-431424658651E-4 -4884E-2
-896E+0 9167E-2
37041809114E+0 8405E+0
1E+0 4E+0
8766675E-2 8E+0
9789189943912189071E-6 78E+0
-22500E-4 6639E+0
69522892520968E+0 -174E-2
88E+0 3E+0
-79820825E-2 72E+0
25184626667510947E-2 15E+0
6746744152E-6 6E+0
57866412052074687E-6 2887E-2
39625455298863E-6 222E+0
-38493208E-6 -45E+0
-2948E+0 -6E+0
1524E-2 470E-2
67385E-4 51E+0
-28E+0 42E+0
124563E-2 774E+0
-19E+0 -833E+0
-3E+0 5E+0
-2077089255707199921E-4 -121E-2
972788146E-4 11E+0
-102528628010310E-2 72E+0
-643809928667E-6 960E-2
918E-2 -49E+0
-708613169E-6 -40E+0
46E+0 -443E-2
-2991E-2 -183E+0
-4E+0 -4E+0
55441E-4 -58E+0
-9325109E-6 -189E+0
-43005E+0 -2490E-2
-9720587199827951E-2 4E+0
739095371065736395E-4 -554E+0
4203E-2 -384E-2
4689194E-4 459E-2
463E+0 -95E+0
68806E+0 93E+0
438686E-2 8E+0
-532231435E-6 35E+0
703E-2 -4E+0
171E+0 -434E-2
8E+0 3285E-2
-39473974E-2 -716E+0
76366788692260558E-6 -19E+0
48200974633271E-4 1291E+0
-1473407254795E+0 4248E+0
-224066385E-4 8110E-2
-617261262721E-6 -4E+0
-44809168020306E+0 114E+0
-67757949694950E+0 60E+0
-898607559742269993E-6 202E+0
-520806979296551973E+0 -96E+0
283E+0 66E+0
34383170037E+0 5E+0
542E+0 3E+0
-42653435756730692E-2 -751E-2
-80712948934783E-4 -8763E+0
477126E+0 11E+0
-646113079860E-6 4E+0
57183914759125E-2 -7E+0
7891049131747758E+0 -5E+0
-376155214E-2 316E+0
19200859206E+0 8439E+0
-2E+0 3E+0
-3412253755E-2 -7154E-2
91870247248469E+0 -719E-2
7321925408055544614E-2 24E+0
-47798614E-6 4E+0
-91763784709E+0 -491E+0
-445135218609E+0 -3E+0
351600928E-4 -2858E-2
552669118636044E-4 580E-2
423249295E-6 -6473E-2
-35908606133960E+0 -144E+0
7295854E+0 -3E+0
-4204565579156E-6 3064E+0
319236196248E-4 -9E+0
88135753085546315E-2 -79E+0
-47E+0 60E+0
227E+0 -25E+0
-669129432661719930E-4 6310E+0
2641107441E-6 448E-2
-4E+0 -965E+0
-765765E+0 5754E-2
158778170542591E-4 -23E+0
76542086837E-6 78E+0
-4798E-2 -55E+0
7E+0 8446E-2
285799903121E-6 2E+0
-717322246231240171E-2 -9453E-2
-1775664E+0 -6E+0
8684833054E-6 18E+0
3E+0 8155E+0
20E+0 3968E-2
-513007482593E-4 -1E+0
43451151642E-2 1957E-2
-224261192477416926E-6 -1E+0
19435983210E-4 -6570E+0
-2773775E+0 8440E-2
976868685E-4 -7E+0
-96257729274205758E+0 -89E+0
-2235E+0 -46E+0
912204E+0 -64E+0
-372688906051739E-6 -9796E+0
-7775709849970E-6 -9E+0
9761974070E-2 -15E+0
89757951472082043E-6 -1E+0
-71161E-2 9E+0
-46080814705015903E-2 -451E+0
-45157638496E-6 -6710E-2
8E+0 -39E+0
28200340870E-4 -78E+0
-83933E+0 -667E+0
-96688235659819E-6 8698E-2
6471509839662950E-4 121E-2
-28474345489756E-6 983E+0
-99510823686678762E-4 3875E-2
-6165639350292986956E-2 8E+0
3849028982E-2 907E+0
6657E+0 -9906E-2
-69239120E-6 -5701E-2
289142693003387944E-2 277E+0
-2847923E+0 144E-2
-25E+0 624E+0
130877426E-4 48E+0
-13033007013648E+0 -8E+0
560E-2 9210E+0
9053E+0 -58E+0
-86951191E-4 -45E+0
84120E-2 -8783E+0
-593E+0 -4E+0
-20164577462005E-6 -236E+0
-1094615954745E-2 -39E+0
9385101823291870166E-2 8722E+0
94E+0 82E+0
976494141373E-6 88E+0
-458E+0 -11E+0
-442E-2 -451E+0
1848213756318781E-6 3981E-2
-678026E-2 16E+0
93519869E-6 1E+0
-97682649373114E-4 -1699E+0
-8907637503E-2 -5E+0
493E+0 4E+0
-8E+0 5E+0
-215826446263749873E-6 82E+0
-4415319E-6 -5651E-2
4535762E-4 -8E+0
-27434028E-2 -5E+0
80E+0 179E-2
-51154534E-4 -21E+0
-728975822597279633E-6 6195E+0
-9699E-2 619E+0
723E-2 10E+0
-423541E-2 470E+0
7E+0 -33E+0
-74843069115956647E+0 25E+0
-88E+0 63E+0
80431948E-4 -278E-2
1572729149927E-4 -20E+0
-3860E+0 77E+0
7463E+0 -24E+0
295E+0 -7515E+0
82673973E-4 3E+0
4562006512E-2 3E+0
-81710454715E-4 8534E+0
-25976105643E-2 -881E+0
829372364704852E-4 8E+0
1405968413E-6 8E+0
43148406065664863E-6 264E-2
-1736906430485957368E-6 -6E+0
-1535E-2 912E-2
44733738037658960E+0 -914E+0
5207948256954E-2 3E+0
-632E-2 5E+0
-5808505708908054E+0 7773E+0
288603E-2 9770E+0
-78637463378E-6 -16E+0
-492441527781245232E-2 -60E+0
-385643467073704E-4 38E+0
-112370E-4 -33E+0
-67968691010E-4 2E+0
9E+0 -3E+0
-7586777672306105E-4 6E+0
-432526922997161492E-2 -868E-2
7803E-2 460E-2
-82539870361327E-2 426E-2
-87131236E-4 -899E-2
-8400726282E-4 1E+0
103351505438800E-4 -8590E+0
4164686899E-2 -9579E+0
-3869634372E-2 -19E+0
857E+0 -1748E+0
425462E-4 939E+0
-3490584E-4 93E+0
9115904150242907460E+0 713E-2
7176E-2 -987E+0
-341634819E+0 4E+0
-1392696998662087E-4 -513E-2
-715416862E+0 -259E+0
-578758621837380306E+0 891E+0
877582557928958596E-6 794E-2
-2768023026426401E+0 -7835E-2
5415882950E-6 4733E+0
-817439E+0 4E+0
4E+0 6E+0
13289E+0 -9933E+0
-8616759877701E+0 9E+0
9E+0 14E+0
74E+0 -714E-2
1E+0 3E+0
97411333E-2 229E-2
-914773446E+0 -3834E+0
272741E+0 -735E+0
639282E-2 -6E+0
-3376919514284312E-4 -3E+0
-696167086591132E-2 -5592E-2
734727901579477604E-2 -8E+0
9E+0 -1E+0
-19605E-2 -2820E-2
-95577698244189E+0 5840E-2
-9426514811E-6 36E+0
-5362E+0 -39E+0
97841231707829511E-2 -58E+0
-261E-2 9626E+0
8E+0 -3541E-2
48791796680E+0 31E+0
-53010E+0 844E-2
1609768986E+0 -3412E+0
-50952625E+0 -36E+0
-749508E+0 82E+0
-8934836432E-2 -53E+0
759E-2 7472E-2
-927E+0 1E+0
-44E+0 18E+0
46633113696717091E-6 -549E-2
-71794E+0 8E+0
57197E-2 -40E+0
334E+0 -817E-2
6009979343660E-2 -94E+0
84373040415695E-6 694E+0
4690975474E-2 34E+0
-1698594249E-2 587E-2
51644121810309E-4 5967E+0
57148E-2 97E+0
314741E-4 -7E+0
-2453625558152583386E-4 634E-2
-111E+0 -6812E+0
3662997564151857E-6 216E+0
8E+0 -6E+0
365980E+0 -779E-2
-173704273113E-2 9E+0
72345566126693E-2 8E+0
-31318684E-4 6E+0
2933873E-4 -6E+0
1E+0 -100E+0
121978E+0 -4423E-2
-86807625064796E+0 -84E+0
6159657187E-4 5E+0
-81925E+0 -3E+0
9111750248E+0 -2044E-2
-52578736265531E-2 -27E+0
-882555296712879E-4 -9084E+0
-2680737809746046E-4 -12E+0
7246435714986E-6 8010E-2
1204461766466210E+0 771E+0
7455712708E-2 -2585E+0
894397674164E-4 -31E+0
-7402499E-6 -777E+0
-320407E-2 33E+0
6411886000227051E-6 -85E+0
499206570004527E-4 96E+0
925005E-4 7E+0
-87390668192694E-2 699E+0
-466E+0 7369E-2
-6102350E-2 -5576E+0
861166263704936E-2 68E+0
-645669933316E+0 -1207E-2
-3E+0 17E+0
-233369816998E+0 -3E+0
49286E+0 -17E+0
16031829E-2 7E+0
7097720572051E-6 78E+0
-24555152455E-6 -31E+0
-444856E+0 -68E+0
-717800579654195E-6 -725E+0
-803805997428418E-6 4416E+0
-4E+0 -977E+0
256680E-4 8E+0
940E-2 -4E+0
-23858E-2 -150E-2
360293691126397752E-4 -4427E+0
-146E+0 913E-2
220591700350107E-4 2E+0
77E+0 -6350E+0
2E+0 5504E-2
930977950267034211E-6 -34E+0
-6462909949486867E+0 35E+0
7270841657341245E-6 -349E-2
978123590588038778E+0 50E+0
801861E+0 -418E+0
-7381342747680968883E+0 59E+0
2614485133953541E-6 -7E+0
36208E-4 -5E+0
-6817918659950369E-6 1498E-2
7610E-2 -9656E+0
-2E+0 870E-2
-6330232315396E-4 7E+0
-9026E-2 -9697E-2
384777310690766E-2 846E+0
-5622866757545995E-2 7E+0
688395390666E-6 -31E+0
3995575458825263994E-2 -2408E+0
-6795807317135E-6 781E-2
-26013475304E-4 -9E+0
-2219964E-6 -4419E+0
-70306248982376E-6 -26E+0
-47E+0 -1E+0
-2643455939713E-2 -9E+0
3E+0 5782E-2
87083413E+0 -3036E+0
-164643735E-6 5E+0
-367E+0 6435E-2
7695999525523018E-2 11E+0
-4218201840387E-4 7E+0
420118448083E-2 219E-2
82157293351E+0 -38E+0
750782305E-4 -7906E-2
30279979086E-2 -53E+0
5774590202783104816E-4 -416E-2
-70615E+0 -163E+0
-59E+0 6E+0
-314436396E-6 -66E+0
13666E+0 -6E+0
16234E-2 1E+0
6608923478E+0 91E+0
-1521490E-2 7E+0
-45392E+0 44E+0
991E-2 -1E+0
-7051236061061E-6 -962E+0
-71E+0 -933E+0
6392551043E-6 -5E+0
101554443638E+0 -9E+0
-25E+0 -102E+0
3991521537628E+0 32E+0
-119626E+0 2378E-2
15E+0 6E+0
-16551024297628947E-6 -57E+0
949E+0 -866E+0
-615284E-4 -5E+0
-88E+0 6727E-2
-6E+0 -96E+0
84077646558112E+0 15E+0
575E-2 -61E+0
-57E+0 -1999E-2
-907341E-2 -2E+0
8783185360101407806E+0 -404E+0
-10868437862E-2 6E+0
23E+0 -923E-2
-34541488401E-6 -2E+0
277763901275E-2 -5104E+0
4976E-2 7380E+0
-5096774826880E-4 9E+0
7870645191E-2 -2118E-2
11E+0 605E-2
4718165816507E-6 585E+0
685203603676783349E+0 73E+0
-304069553E-4 -3E+0
-1E+0 -12E+0
33710999443875E-6 51E+0
-304111495968E-6 -6E+0
57761E-2 -5056E-2
-5548E+0 -48E+0
-67196E-2 -3E+0
-45322976122E-2 -4532E-2
-613035267975E-4 43E+0
-613991125312E-2 8085E+0
4263981023867597115E-4 84E+0
-9270971004386E-6 28E+0
3589E+0 9000E-2
-39464E-2 -7E+0
667E+0 28E+0
-5E+0 -3E+0
-14774642639891516E-6 8697E-2
818442604072639E-2 -85E+0
-3336552651344558588E-2 -45E+0
54E+0 -4684E+0
-30081888E-6 -9E+0
4070E+0 -3999E+0
25415118E+0 -877E-2
41852103390827944E-6 3590E+0
6966569343E+0 -559E+0
557E-2 8501E+0
-5598175011E-4 -785E+0
-4820851199045862E-6 -99E+0
374703155986148E-2 622E-2
-167545225674509760E-4 3E+0
99552E-2 23E+0
-48139E-4 4E+0
-304015E-4 -8196E+0
-41096E-4 -63E+0
244202680E-6 -8E+0
7011E-2 73E+0
4E+0 -1E+0
12893718985E-6 6075E+0
-239E+0 -393E-2
924226E-4 5E+0
68371898555938E+0 -21E+0
-710580754E-2 -965E+0
-1E+0 171E+0
-1505581424209012205E-4 97E+0
-3E+0 -337E+0
41874440135E-4 -98E+0
-40869612004E-6 9E+0
-516790E-4 -66E+0
-889619341E-6 47E+0
-2266E+0 -74E+0
6686290E-6 -86E+0
-948265716658702927E-4 -3E+0
-975E-2 -5E+0
-85E+0 9544E+0
2300005719E-4 12E+0
-91999178224930E-2 9669E+0
-7196066378E-2 -8E+0
-896850E-4 3877E+0
867878367149E+0 3E+0
-7E+0 -53E+0
-153582010065558E+0 9404E+0
-63818706648E-2 9733E-2
886540816902E-6 32E+0
-44495007637577987E-2 -738E-2
-7388816744184742931E-4 20E+0
-5707498782389528759E+0 7942E-2
-9777002306087100798E-2 3E+0
3784051863E-2 9572E-2
-49261714726373733E+0 6E+0
9E+0 91E+0
75952835700183E-2 318E+0
30E+0 -12E+0
177401393E-2 8E+0
-18524E+0 -7E+0
2925958564059423E-4 -4068E-2
4428E+0 1E+0
6971E+0 288E+0
7380150528E-2 1E+0
6888E+0 9E+0
-58E+0 1E+0
7896E+0 -7600E-2
2941E-2 -895E-2
-636806682121E+0 7E+0
7411643070372460510E+0 -2E+0
-896690338641113E-6 59E+0
912E-2 2719E+0
-6509038744E-2 -5E+0
1163471157133339E-4 -42E+0
356E+0 713E-2
-28645829014E-6 -4903E+0
-4196056234993119E-4 7393E+0
9E+0 172E+0
-1E+0 58E+0
-7307692265468931817E-4 3528E-2
41218827949949E-6 -887E+0
-32135460E+0 -47E+0
-494084E-4 -4436E-2
-521652849834166E-2 175E-2
6498132049197634E-6 3961E-2
-34706981511129E+0 -2132E+0
99021051656492E-6 325E-2
-7156044041147010E+0 -299E+0
-4759973762702E-2 -1E+0
-939E-2 7953E+0
1465093E-6 -816E-2
-9140700E-6 9E+0
-1E+0 585E-2
40980E-2 291E+0
7E+0 -940E+0
-574E-2 885E+0
-547480371E-4 7E+0
-551E+0 -1E+0
490652723E-2 -57E+0
-881277403988E-4 5E+0
-18042260591549672E-2 7934E+0
-3213910417192147E-6 -188E+0
-112471811E-2 6828E-2
80639198767898E-2 1E+0
-9282E-2 341E+0
-430089E-2 73E+0
5E+0 -5042E+0
60836814113145367E-6 -241E+0
-853504E-4 160E+0
-211857013842968E-6 81E+0
-26480373943415E-6 -2E+0
583620686254E-2 -82E+0
3980476E+0 -8E+0
-853043979E-2 -69E+0
9863418067467E-2 38E+0
688754176E+0 2043E+0
847940506870137160E-2 -491E-2
90009E-2 4E+0
-5739E+0 -3442E-2
5061165619E+0 5973E-2
-85808234849787E-2 7005E-2
6778280953957866E-2 -787E-2
-5298105055904188984E+0 648E-2
-7959880957683965756E+0 -7778E+0
701615E-4 -664E+0
-818593643E-6 4E+0
-7133832280475915E-2 -368E-2
-5102660466721E-2 5545E+0
-2560530299043547497E-4 8E+0
-24400303166E-6 70E+0
-481245150760210132E-2 8107E-2
-29993329323946813E-6 -74E+0
-6E+0 -171E-2
-3611704E-6 -2520E+0
-96413168E-4 -7E+0
22819E-4 231E-2
-20645824E-2 -4E+0
4232369381376E-2 -19E+0
6336415808874E-4 8E+0
-2517332E-6 6972E+0
252720851E+0 7053E-2
4431726718341E-4 661E-2
-602E+0 -9E+0
-8455229E-2 -3389E+0
1113769E-4 -1E+0
490795089704E-2 -499E-2
39917515E+0 24E+0
6781917889E-2 41E+0
-9222E-2 -222E-2
-25428E+0 -5553E+0
72277772E+0 97E+0
-851728758E-2 -225E-2
7743E+0 -2E+0
7672453258073E-2 265E-2
6031E-2 6655E+0
-3438375879714846525E+0 4E+0
-3E+0 -3995E-2
5266186289103947E+0 -818E-2
93257681240E-4 -601E-2
-6136680E-4 -3030E-2
-66963E-2 7464E+0
8161246153861284934E-4 3E+0
31078429E-6 57E+0
7670E+0 79E+0
262429865346137465E-4 1082E+0
-26103863773083046E-2 31E+0
4565827163722E-6 -7E+0
4097465826400E-6 -462E-2
-5460E+0 -3E+0
55759887704298236E-6 654E+0
-4474788770023319348E+0 5285E+0
-20777E-4 4150E+0
353E+0 401E+0
3E+0 27E+0
-280286286434725680E-4 8E+0
1748080E+0 965E-2
-96E+0 465E+0
2177241E+0 -6508E+0
2910E-2 -685E+0
920850496E-2 2E+0
20804748786800E+0 -655E+0
-2179905674405009E-2 -8E+0
-45606681116224866E-6 21E+0
-11818563841E-6 86E+0
-4E+0 5E+0
-4383258783767E-2 -903E+0
-6E+0 8214E+0
52349670394554E-4 -2126E-2
-740620726E+0 1375E+0
44819107539E+0 2E+0
526661892358287815E-4 2E+0
-3095067375632118422E-4 72E+0
-7038044559E+0 -7E+0
-1624951107337E-4 4E+0
7339E+0 -194E+0
-19357922981700611E-6 -6015E+0
-44E+0 857E+0
-6828250415411E-2 24E+0
164000E-2 49E+0
-498996145059337E-6 6252E+0
-6504E+0 197E-2
470931285E-2 300E-2
-370E-2 1305E-2
305564015E-6 -6E+0
9E+0 2E+0
-4765640594631E-2 624E+0
-66E+0 -6E+0
-6850879725483545189E-2 -7E+0
15E+0 3223E-2
-34513873167317E-4 -366E+0
4099511889E-6 7782E-2
-58854159725E+0 -8E+0
92413E-2 243E+0
106248516988E-2 1220E-2
48351216E-2 36E+0
190380844125055E-6 -4762E+0
-97597304E-2 -3E+0
418970026E+0 3924E-2
-9123E+0 -601E-2
2585931326619088E-6 826E-2
-32561086E-4 9E+0
396162626401467682E-2 3E+0
-931043959099861147E-6 -1E+0
-22571383899741E-2 6316E-2
-2168338401E-4 7434E-2
613E-2 7811E+0
137E+0 -265E-2
9099152100093457849E+0 -3E+0
5363093119691E-2 -7E+0
98528639E-4 8E+0
-374E+0 -18E+0
-1599208194794327E+0 -867E+0
-72663903119615109E-2 -4843E-2
-69459600615587E-4 4047E-2
8E+0 -7444E+0
384803E-4 539E+0
-1231314936267E+0 -3E+0
11966177363064E+0 -925E-2
1135378701931E-4 270E+0
4209901E-6 6074E+0
-6442374799664315E+0 888E-2
624489714E-2 22E+0
-1300886660273216577E-6 -7216E-2
2194555856E-6 -4E+0
-793953638312469E-4 -3E+0
707746E-2 1592E+0
2E+0 -8E+0
-954411373020093E-4 5E+0
-59206279073022E+0 -2E+0
897069E-2 9898E+0
13060E+0 -4E+0
4000782E+0 -75E+0
-1E+0 -92E+0
-4807555446790E-6 -529E-2
-6E+0 68E+0
2433290232822E-6 2806E-2
-1193404E-6 -992E-2
-320744E-4 -80E+0
-172868756E-2 60E+0
793779388957579386E-6 779E+0
-48001079396E+0 -296E-2
-3367552198E-2 713E+0
-3E+0 2132E+0
-3209249532E-4 7E+0
8410154096E-6 -4E+0
448660E-4 -3E+0
-335532140E-2 2E+0
-531946E-4 -795E+0
23969934890352E-4 -9323E+0
98264104401E-2 -702E-2
-65483E+0 -6596E+0
864031587704101E-2 5E+0
-848593687E-6 9E+0
85E+0 978E+0
6586905162E-6 -2E+0
-556572E-4 6E+0
47480E-2 -805E+0
25093E+0 -1378E-2
7138627611866E+0 2E+0
7270364631557E+0 -482E-2
45E+0 54E+0
7335630961E-2 14E+0
-476161479025980296E-4 828E-2
89065535E-2 -91E+0
-314E+0 -470E-2
195667258025E-4 6E+0
54350718009684219E-4 502E+0
-335953E-2 4E+0
8033489803759059E-2 5E+0
-489700255E-6 8E+0
-335735463E-6 -3841E-2
-3983624596E+0 362E-2
-61337152546996571E-6 -535E+0
735822639173220204E-2 -32E+0
1E+0 6020E-2
4289E+0 51E+0
-8664545010E+0 5E+0
71547164E-2 -29E+0
73378466018926421E-6 97E+0
-872258118156228705E-6 -86E+0
-8417235187499945295E+0 24E+0
-990289458648E-4 83E+0
75366845900E-2 3E+0
63403924202E+0 -4285E-2
22492892E+0 -9757E+0
-3E+0 656E-2
-4779984679188555821E-4 28E+0
-202896066E-4 44E+0
359716719109463596E-4 7E+0
-74018476E-2 3E+0
-5614292E+0 4604E-2
-302530276802926E+0 -725E+0
644709217998174E-2 -5633E-2
59668E-2 -2878E-2
20809E+0 87E+0
-8E+0 -6687E-2
2207111988632025E-6 1E+0
2570E-2 -28E+0
-30681008856073615E-2 -61E+0
11626196183E-6 471E+0
600574904294594E-6 9401E+0
-8E+0 -7542E-2
8083E+0 -8399E+0
-2458629772627E+0 -633E+0
-95E+0 -731E-2
-7584939255673E-2 -17E+0
36511784105986910E-6 -6805E-2
65959973399707231E-6 -58E+0
-76341192E-2 -596E-2
104917527045626E+0 10E+0
-9539397912477E+0 168E-2
-1416154E+0 -7E+0
2440E+0 1205E+0
-16337325506423E-6 9541E-2
-4697891E-2 -54E+0
-18537534977154E+0 800E-2
-2448429500E-2 4E+0
87807122785043359E-6 -5E+0
-366436807275E-2 -1939E+0
-86683E-2 42E+0
-7797465E-2 259E-2
435E-2 -9469E+0
8384186050834623E-2 -964E+0
1302953501523E-6 4816E+0
-60E+0 2E+0
766108278421923430E-2 875E+0
-37E+0 -2E+0
532654672685069E-4 -317E-2
26887742698321E-2 3E+0
-35028E-4 -745E+0
16220676821279E+0 984E-2
-58E+0 -244E+0
-843070423778851582E-6 -2E+0
79063190385092E-4 4E+0
60913539535E-4 42E+0
32331993483321122E+0 -140E-2
-6020777090378E-4 -665E+0
77E+0 47E+0
237889411035565777E-2 4368E-2
915118586533508535E-2 7179E+0
-1144198837E-2 -5346E-2
1201435833316059E-4 -294E+0
73143626914E-4 -56E+0
-3292631450E-4 -674E-2
-64E+0 -539E+0
1E+0 92E+0
-516661285E-6 6E+0
74996065103853217E+0 21E+0
-574232265890E-6 1E+0
733E+0 -29E+0
-249E-2 66E+0
7450E-2 2E+0
4395900443209221904E-2 -9E+0
68288E+0 256E-2
7E+0 575E+0
-62856961790684823E-2 -78E+0
206789370454361922E-2 77E+0
708796210454905400E-2 1670E-2
-3675854334E+0 -837E-2
-51087701742899938E-4 -279E+0
7217465710944025E-6 -576E-2
9929817697064E+0 -7909E+0
3791724915893E+0 2708E-2
1699315495207206116E-4 -9167E-2
612901275E-4 9E+0
-82508829811E-6 -4538E+0
-8E+0 864E+0
-2281E-2 6E+0
-4686E-2 -4E+0
-3296129880612947E-4 6953E-2
3306285E+0 1434E+0
-2776118114E+0 7157E-2
5757285882E+0 371E+0
-643593437E-6 -610E-2
-84319065E-2 9478E+0
-403988584422241114E-6 6E+0
13136703E-4 40E+0
77844E-4 -7E+0
-4900671047786595E-6 -1E+0
11630300E-2 692E-2
9584953463E+0 -18E+0
472339E+0 -871E-2
57683168260808705E-2 2515E-2
527223060E-2 -282E+0
-816254579337575934E-6 -7E+0
9761655272725158644E-6 3864E+0
-58362400585560099E+0 -8E+0
-689338E-2 958E+0
3E+0 -7963E-2
2876E+0 -54E+0
238738532978292E-6 -7131E-2
-456529E-2 -6E+0
-3735E+0 4E+0
-13621504490619950E-2 -78E+0
367584068659421631E+0 -807E-2
-23587197E+0 97E+0
8369876250987983916E-4 -635E-2
1E+0 -19E+0
560371965708E-6 15E+0
104815307943250712E-4 -6E+0
-839649153550013E-2 -851E+0
-559407371766898E-6 -3404E+0
-541200E+0 -4E+0
889060E-4 2E+0
-7364391279351898224E+0 8873E-2
-992926345801432E-6 7959E+0
-76395765E+0 -9E+0
-7653124951576966E-4 23E+0
-46E+0 437E-2
-8830840286E-2 7707E+0
741E+0 13E+0
-733E-2 1E+0
697819419E+0 6E+0
56E+0 2920E-2
1554240015944923E+0 9404E-2
245E+0 1E+0
-80E+0 6546E-2
734E-2 56E+0
118858921972663306E-2 46E+0
-427459002666822E-2 -51E+0
7856408807219167E-4 1E+0
-36E+0 4259E+0
397827E+0 98E+0
-8959331496415180E-6 6E+0
169014750585E+0 -7E+0
499151934371707E-4 3E+0
-8477356E-4 812E+0
45E+0 -8040E-2
-57E+0 91E+0
-3099600809403E+0 -8884E+0
-8971657285456553177E+0 -1085E-2
-1288E+0 -377E-2
975001442406264600E-2 -17E+0
8E+0 -4646E+0
-949886E-2 -94E+0
-6549664E+0 14E+0
-38E+0 9E+0
326750E+0 -5E+0
51210E-4 259E-2
51E+0 -6138E+0
176198276495611314E-2 586E+0
-742247381E-6 10E+0
-78692614038494E-4 103E-2
748408325443723E+0 -2E+0
333003837741E-4 -2013E-2
-966647848E-4 3E+0
-4421285094026E-4 -256E+0
8959576220E-4 6030E-2
-9481066059130E-4 -313E+0
8525E+0 -986E-2
-664360662975480715E-6 756E-2
6297075798E+0 3373E+0
-4743939532830767E-2 2E+0
50485426225628294E-4 -26E+0
3540966763121209E-4 -2787E+0
827938053E-2 6351E-2
8988462727E-6 -1579E-2
-75929923E-2 5214E+0
-7439744020347817E-4 -6747E+0
386332E-2 -5E+0
-500874862730140E+0 641E+0
826E+0 9001E+0
-5427592E-2 -13E+0
459055769016635E-4 -75E+0
-6810E+0 8863E-2
7676214767180884E-6 -255E-2
-166209582E-6 3316E+0
-872500495903091E-4 -5E+0
217209788E+0 -7758E-2
-345541415060408021E-6 67E+0
-37956746E-4 840E-2
2566431590015E-4 97E+0
96488665501E+0 -7377E+0
-8325051473650470797E-6 3E+0
-42787E-2 885E+0
776E+0 92E+0
276100759682658641E-6 92E+0
-994716E+0 -7E+0
-73685014241648E+0 -8E+0
-248675E-4 -61E+0
-419E-2 -2722E+0
39875054575329289E-6 -6E+0
138127901797158E+0 -2946E-2
-62447502096E+0 -421E-2
3750744763960E-2 99E+0
50672260942996162E+0 9629E+0
-5724E+0 490E-2
-84363602121508779E-6 -24E+0
1552E-2 -27E+0
83E+0 -4050E+0
-551885054384E-4 -724E+0
7654E-2 546E-2
6552226298797917E+0 69E+0
32E+0 -61E+0
17E+0 -3E+0
-9330950518E-4 -9934E+0
-6317E+0 -85E+0
66040347E-4 55E+0
4950903227E-4 -6023E-2
1581715099E-4 -62E+0
-9E+0 -3E+0
-656905572E-6 -6E+0
-60794664258406902E-2 5E+0
-41519967721E+0 -555E+0
-82626021E-6 7039E+0
-6491804167751794626E-4 -6683E+0
76510278398E-4 -821E+0
5107168202416103E-2 -5E+0
-966927673768025E-6 -59E+0
-5679422952E-2 -3148E-2
555732229619E+0 471E-2
-319903320918410E-4 798E-2
-6360E-2 -8138E+0
348636862831338E-2 -8130E-2
603442903316761802E-4 -102E-2
92956362066833E-4 -3514E-2
116638623759988E-2 -7587E-2
541578E-4 106E-2
6297E-2 -88E+0
53421774473055E-2 -22E+0
62445514E-4 8501E-2
-128974149081745E-2 86E+0
-16145008384E-2 969E+0
-872564671488536504E-6 7602E-2
-4226168E-6 7073E-2
-41938E+0 2E+0
-150206605423148970E+0 2024E+0
-69559654784524E-4 9483E-2
-6592618670E-4 -8E+0
862231E+0 82E+0
20830E-2 306E+0
56625934503078254E-2 661E-2
-911588487E-2 427E+0
6082E-2 2E+0
-364887003510641168E+0 194E+0
201170E-4 -9022E-2
-101293092E-6 -25E+0
37E+0 -41E+0
-210893716270247E-2 97E+0
59319E-2 4392E-2
981876E+0 -77E+0
4808880743668902186E+0 -7335E+0
-993085525798380E-4 79E+0
-323E-2 -57E+0
4920088E-6 -59E+0
-9425862346E-6 5035E+0
-1532623655902E-2 499E-2
1134E+0 5153E-2
-466329848742442992E-4 -147E+0
-6085502227348837E-6 94E+0
7E+0 5314E-2
5E+0 -151E+0
78388E+0 -3324E-2
-4465475913E-2 -980E-2
2040907933E-2 836E+0
-94859534414192257E-2 3E+0
6E+0 -44E+0
-8E+0 149E+0
502777E+0 -1E+0
-13944598278195E-4 6E+0
-608881180250386436E+0 6522E+0
36096281917380220E-6 6E+0
89488579018645836E-4 -909E-2
-5188E-2 966E+0
410815443693012643E-4 53E+0
-6062814749492E-6 9829E+0
3799467E+0 -912E-2
74108896657E-2 461E+0
51E+0 -1597E-2
-6E+0 -4780E-2
-6891787240958E+0 -1E+0
175E-2 2E+0
7782E+0 -31E+0
6312332E-2 -6E+0
-5149E+0 35E+0
2697542052201277E-4 -68E+0
-97E+0 241E+0
69169810E-4 -23E+0
-102150765426712E-4 -62E+0
-5860094087E-6 -130E-2
-632980E-4 -7691E+0
98106697E-2 -5667E+0
496868531544448884E-6 -2519E-2
-341578071E-2 37E+0
309525316E-2 -8547E+0
715845400E-2 -4E+0
-8492129885737386950E+0 -78E+0
-190135923E-2 -2424E-2
-8038585418040977E-6 -379E+0
652104367E+0 526E+0
-69473710641E-6 7447E-2
777626E-4 -6341E+0
-44241688140E-4 5E+0
80432556E+0 -9E+0
-711654128910360E-2 -8E+0
743E+0 -461E-2
-13679E-4 3867E-2
-8E+0 -1515E-2
5373762E-2 -2406E-2
9857956663975984236E-6 -4E+0
-449197305114546340E-6 4886E-2
89626168E-2 1480E-2
-646906184464E-6 5873E+0
-24790002160090E-2 -34E+0
-221421E-4 -612E+0
-101679283029532545E+0 -820E+0
514205E-2 -605E-2
60506715E-2 -8327E+0
-891528577E-6 9869E+0
-6908910448349998031E-2 968E+0
240511187E-4 -531E-2
7335297483934941300E-6 8661E+0
-63287E+0 -27E+0
-568797493E-6 99E+0
-6840612670E-2 586E-2
-366243683245921067E+0 53E+0
-341012662342955E-4 -13E+0
-83642E-4 -613E-2
-5018313789E-4 1E+0
53E+0 85E+0
67E+0 4E+0
-1528126360799271510E-4 -877E-2
6E+0 4242E+0
-42728E-2 74E+0
260648E+0 -431E-2
34E+0 30E+0
577291702484595E-4 4328E-2
-9211440315787E-2 -76E+0
4958E-2 393E-2
-8363437418417812826E-4 -281E-2
-326494703015014E-4 7843E+0
-4924435387261961E-2 -57E+0
239986817129E-4 588E-2
1881E-2 8E+0
-10635E-2 -9187E-2
-4E+0 984E+0
-9339445E-6 3E+0
-76637E+0 30E+0
3484791853466005861E-2 3737E-2
8116836708E-4 44E+0
-286830026069156E+0 63E+0
4729959330446449508E-4 2E+0
-30592931231E-4 -41E+0
326939846E-4 -258E-2
959294722064881611E-4 -2E+0
69062392300E-6 6356E+0
-4990759715966020236E-6 2E+0
14E+0 -7E+0
39314381353E-2 1E+0
50196514995E-6 6E+0
-76439043842369140E-2 -28E+0
-862408E-4 19E+0
-59930253589178E+0 -4E+0
6320396009324843E-2 -84E+0
6985254382070E+0 -435E+0
-542166E-4 127E+0
-9452099744770351E-6 -3E+0
628661147608422275E+0 -28E+0
-13E+0 -489E-2
58646882763465E-6 16E+0
4E+0 7E+0
-22099852316473814E+0 -8E+0
-89548560E-4 721E-2
7013688905335E-6 -2E+0
-610605815052155403E-2 250E-2
-84E+0 -534E-2
-19162729E-6 2370E+0
1E+0 -3624E+0
9887535901485E-2 -3085E+0
-99678493263914255E-2 3681E+0
-53639E+0 66E+0
-9429123642955E+0 725E+0
3773E+0 -5586E+0
-195E-2 833E+0
-5E+0 -822E+0
358289975E-2 175E+0
-161641790406953679E-6 -311E-2
46016E-4 524E-2
-8E+0 -4389E-2
-4450299190536810E-2 781E-2
-28416800793E-4 7492E+0
45400361E-4 7481E+0
65736878404903E-4 272E-2
16118473570522701E-6 7898E+0
2570E+0 4863E-2
36348960E-2 3150E+0
-7E+0 1E+0
9597749660648280157E+0 1E+0
-86195880E-4 5372E-2
6737079495751E-6 65E+0
623609153E-2 -1E+0
-9939031525233E-6 -318E+0
47029384445371E+0 -5317E-2
-3094909161E-4 20E+0
-9653065441912135E-6 9747E+0
-1701794764E-6 -2359E+0
86E+0 -1E+0
-9E+0 21E+0
-2641832E-2 -5E+0
-88891225620E-4 7E+0
23387852E+0 -3E+0
645410869E-6 48E+0
6952397474235354883E-2 5062E-2
-4623E-2 -2589E-2
52915450E-4 -14E+0
-7E+0 741E-2
832476735009E+0 2646E-2
-9E+0 -3217E-2
-5583124437354E+0 -69E+0
593591E-2 305E+0
30144808E-4 -49E+0
165859518E-4 167E-2
7427113020E-4 -8304E+0
-42218212064E-2 69E+0
-5782572960684261E+0 -6E+0
877E-2 -780E+0
-5734281E-6 221E+0
-100972218E-4 7164E+0
-26036397658364522E-6 -44E+0
-7792707313010E-6 9009E-2
-1379067909241860562E+0 88E+0
69286184482289609E-6 6E+0
-8E+0 554E-2
-395324E-2 -6E+0
-232025772306432091E-2 -5192E+0
-85751232744705E-4 -7E+0
26885944957429E-2 -534E+0
425145E-4 -942E+0
-13809378E+0 49E+0
8551105E+0 2009E+0
6E+0 -5E+0
-4640122464674E+0 12E+0
309455014531979E-2 -1E+0
-55E+0 -1900E-2
-599140711E+0 -7625E-2
64398074981E+0 6739E-2
-4764629770165215E-6 177E-2
-960452552230140037E-2 71E+0
-854966701E-4 -855E+0
56E+0 8147E-2
649015377574906778E+0 -8574E-2
-33E+0 -5034E-2
94639826491322E+0 9E+0
-69190766E-2 2524E+0
-849799093033E-2 9265E+0
-8445179E-6 910E-2
1898566E-4 -6E+0
-886187E-2 20E+0
-5E+0 -6E+0
-7886458966786383E+0 -7456E-2
188E-2 2E+0
762767592649E-6 -310E-2
49538E-4 799E-2
-62619709398E-4 -6E+0
-4700580E-6 -958E-2
88858686E-4 -272E+0
8982248240628397936E-2 79E+0
5709E-2 -64E+0
980163543409165E-6 62E+0
484386491529E-2 -26E+0
74505E-2 -38E+0
46229172E-6 -887E-2
-2177E+0 61E+0
733E+0 -90E+0
-390935618E-4 21E+0
37703E-2 -9814E-2
-6272E-2 25E+0
-96468878941777E-4 -4319E+0
-676E-2 3E+0
56666E-2 -6E+0
33450E+0 -583E-2
1219694903205E-2 89E+0
-593029527E-2 -1E+0
6152331E-2 -9131E+0
991396E-2 624E-2
882610660005458E-6 51E+0
-918819033E+0 509E-2
-8979350240042E+0 -2572E-2
601725083528E-4 83E+0
329E+0 -1332E-2
-6E+0 -42E+0
40E+0 22E+0
-5505755E-2 87E+0
55769E-2 9292E-2
110E-2 -8057E-2
-4E+0 78E+0
23623639405E-6 -8E+0
-611E-2 698E+0
-324E-2 -5732E+0
-2994419E-4 -616E-2
-66714980708504E-2 -46E+0
-322114E-4 5345E-2
98960356494140264E-4 -18E+0
68446445735753E+0 770E-2
-236E+0 -970E+0
2513459E+0 5E+0
-93384728025943E-2 -453E+0
440773E-4 73E+0
14E+0 7E+0
-385450450331E+0 -75E+0
-8035601474587E-2 50E+0
7E+0 -5E+0
111067144319571471E-6 -3288E-2
2866686495034954E-4 -7662E-2
6129493115235038E+0 -4025E-2
882E-2 -851E-2
-24681260437937637E-4 -9E+0
-4704714444079E-4 -175E+0
-30192851E-2 4E+0
129159607710414E-6 6E+0
-713150221055E-6 39E+0
9227E+0 2504E+0
4106729E-6 5E+0
-7391715330043028631E+0 -8E+0
-17348205296318989E-6 -6E+0
-63180277E+0 -8E+0
767300987304322302E-6 -4E+0
5635961210188E+0 174E-2
91798692E-2 55E+0
747214887807953E-4 7522E-2
47070792361E-6 70E+0
-69330344495E+0 -812E-2
6521710942480E-4 -7052E+0
-5469769749547E+0 6709E+0
801273180111154E-2 883E+0
-4036752415E+0 -96E+0
24E+0 2632E+0
8183432548919E+0 7E+0
-1631681E-4 -22E+0
-7516825607885964992E-6 -1E+0
885520817050080E-2 421E+0
1327817132384E-2 2E+0
-27740365072E-6 648E-2
3998970E+0 -987E-2
-3199207517E+0 2740E+0
-4860196093894966E-4 15E+0
618928407343338706E-4 -191E-2
502E+0 7E+0
-924964908120844E-4 78E+0
-5804E-2 22E+0
-31114337E+0 19E+0
-278121321907E-4 38E+0
-410976E+0 5E+0
3803856690038E-6 271E+0
-11013814E-4 -93E+0
729E+0 24E+0
-6742202E+0 -43E+0
-2E+0 -3193E+0
231905255E-6 800E+0
296011248E-2 -9E+0
251300410754980E-6 -5592E-2
-7090E-2 -7E+0
-32815930E-4 -6235E-2
-8135329662437505608E+0 -9E+0
344E+0 -215E+0
-292363E-4 8E+0
-9620099E+0 88E+0
-37539073929500225E-2 8E+0
-603212220172802E-6 897E-2
-702701470E-2 20E+0
8018935931897123029E-2 221E+0
-16839591E-2 -2869E+0
-4813518737168120068E-6 -471E+0
3694E+0 -173E-2
-3568519245382200502E-2 1211E-2
62019845E-2 6E+0
-46E+0 31E+0
88E+0 -23E+0
-8041240717473E-2 5956E-2
599967622E-6 -28E+0
-739841776874E-2 -123E-2
-957439251E-6 11E+0
-76594847051252778E-4 -899E+0
-891487597319E+0 -6E+0
-64E+0 -871E-2
-452259897E+0 -62E+0
-114176893E-6 -49E+0
22773247E-6 6097E-2
-98E+0 4E+0
5746017042567164888E-6 4E+0
-447187450E+0 -79E+0
210513080506945E-6 -80E+0
-945900E-2 920E-2
-81014832E-6 1295E+0
21854123406131E-2 624E+0
-6525E+0 -14E+0
-64477196206273E-6 -41E+0
-9628382969968247E-6 2E+0
-5902312456321082786E+0 -8506E-2
-89325618E-6 -1E+0
-37880804719E+0 -53E+0
25448947553777E+0 631E+0
99922097806E+0 -731E-2
-19582787867622E-6 -5E+0
4907E+0 -28E+0
64E+0 8074E-2
-46034339003116874E+0 -3515E-2
3070658E-4 605E+0
4439224308124984629E+0 -3590E-2
-5703000510703800E-4 969E-2
653345885062755145E+0 6E+0
-414E-2 992E-2
6128068E-2 -6178E-2
-37045150551842E-6 3E+0
342290316680968405E-6 1E+0
3496951004293307804E+0 -27E+0
50998562653E-4 931E-2
60E+0 -8662E+0
30520687090500765E+0 41E+0
-65264067892E-2 -2345E-2
35677813E-4 -431E+0
-5892796408E-6 402E-2
9E+0 -6274E+0
-5594447E+0 -2984E+0
12151457241E-2 -815E+0
-40889070E-2 464E-2
-1941897655588E-2 -102E-2
580308507577931412E-6 -1E+0
-1179593844677025956E+0 -5054E-2
713788E-4 -16E+0
1272E-2 -69E+0
447761E-2 6E+0
-5584463355614078469E-2 669E+0
-468671E-2 -8136E-2
-800808868917348E-2 -8E+0
8005E+0 -9825E+0
-430943E+0 5E+0
-69455E-4 87E+0
2385429584125151683E-6 5E+0
796447200082794690E+0 -855E+0
-3E+0 -25E+0
-13166141645E-6 93E+0
78372820496617366E-2 423E+0
-261002085524848798E-4 6278E-2
61830883E-4 243E-2
-40E+0 7E+0
8212756496E+0 2E+0
3E+0 87E+0
-822594202406E-6 11E+0
930193579898772E+0 344E-2
-38E+0 -11E+0
-958260544E-4 -9E+0
-8843779628183E-6 -7E+0
-98E+0 -47E+0
2199124817655775E+0 -1621E+0
-745013E+0 5699E-2
7056146843753560943E+0 -430E+0
-21118967438E-6 -9E+0
331694455594081E-2 1442E-2
87620186E+0 185E-2
684E-2 -40E+0
196981314E-4 5E+0
-919E-2 32E+0
67335055343E-4 7E+0
-47E+0 -7E+0
-51E+0 98E+0
-8753175246490E-4 114E-2
-175E-2 -1E+0
70843942637831548E-6 212E+0
-570229234377985800E-6 -792E-2
-30651E-4 3E+0
1478977E-2 -2E+0
-17580E-4 -26E+0
32394466061500E-6 -5E+0
8E+0 975E-2
-124952453534E+0 2158E+0
141E+0 26E+0
167770E-2 -180E+0
3557243235176467484E-2 -4E+0
-2E+0 -240E+0
-346700947E-4 982E-2
951933747199953E-2 -29E+0
-7358316936E-4 7492E-2
-262427E-4 890E+0
95592627737E-2 -1106E-2
14175E+0 64E+0
612761654E-4 1060E-2
1022844901811E+0 -4E+0
435E+0 -36E+0
-98E+0 138E+0
9545E+0 2551E-2
6468540539878052E-4 7E+0
-14729590020E-4 -2E+0
19594E+0 -911E+0
45066097324409050E+0 -5153E+0
42102E-4 -995E+0
-4E+0 -3876E+0
-83E+0 -941E+0
5042481678E-2 1E+0
8419805E-2 84E+0
-3652513104E-6 -229E+0
-50915E-4 80E+0
4730092687E-2 10E+0
-3E+0 -88E+0
2024051055637011729E+0 4628E-2
-909286E-4 7E+0
-921144636398544978E-6 387E+0
2274045531191E-4 19E+0
6E+0 1005E+0
815902063637477460E+0 7E+0
259076149E-6 22E+0
-1740582418366969764E+0 -5018E+0
-50582E-4 577E+0
-9524147074543E-2 -71E+0
6871376E-6 -8962E-2
9244201508E+0 -3E+0
72E+0 1483E-2
-798380234E+0 -8079E-2
57E+0 -3835E+0
4097226720237021751E-2 -1E+0
8643478392987E-6 89E+0
8193747E-6 92E+0
-51953794875450E-4 -3816E-2
795723300758324834E-6 546E-2
-57943022000E-4 -7E+0
-81173632E-6 -3E+0
4530863864233E-4 -8525E+0
-4574011588359E+0 2513E+0
789911615630246736E-4 8E+0
1315056326493E-4 -118E+0
1052637687103525E-4 3963E+0
-940451524461E-4 2E+0
43653394634E+0 8582E-2
-84954E-4 5446E-2
95152E+0 3E+0
-812885E-2 3607E+0
559018E-2 6E+0
3449376643472E-4 -4844E+0
-157081E-2 942E-2
8504413052505E-2 -8E+0
-250943703583730E-4 -2899E+0
742418109509686355E-6 9893E+0
-988336274475895E-2 -885E-2
-8E+0 -5E+0
-343828640E-2 1E+0
-99595E+0 7423E-2
-661000350345E-6 -654E-2
-6112243707502165549E-4 -5648E+0
33116E+0 94E+0
6872E+0 7E+0
-49E+0 499E+0
324884E-4 -2E+0
-8922602743620E-4 -8E+0
30E+0 -5341E+0
-180591575726E-2 -3E+0
-7071771E-2 -6683E-2
8406237462493E-2 8652E+0
422374E-4 1E+0
10085E-2 99E+0
536E+0 -6E+0
-76469876335E-6 48E+0
-7056E-2 -1087E+0
-356297215102E-6 3106E+0
-9E+0 -5E+0
-52837733689E-4 -3443E-2
2923292E+0 4126E+0
7867E+0 6861E+0
1E+0 2E+0
342716E+0 -7787E+0
-529E+0 5072E-2
-7E+0 -918E+0
-1010444634E+0 -929E-2
-153691625477E-2 9944E+0
-5E+0 -9E+0
-8453335617307E+0 -19E+0
-465951015274393E+0 -141E-2
39E+0 -302E+0
-63591011023974571E-4 5675E-2
178561156218253597E-6 6E+0
-899465E-2 -710E-2
-9507E-2 5338E-2
-2306060964258E-2 -9402E+0
-4994077546968888E-4 5943E+0
220430930E-6 19E+0
-148E-2 -9912E+0
-4879E+0 -2E+0
-54739346901183588E-2 5063E+0
-12824335045284E-4 978E+0
-4976633813001E-2 -36E+0
1629154515162689280E-4 9040E-2
65E+0 773E-2
45042845E+0 -364E+0
-806608605E-2 43E+0
8003862110579E-2 29E+0
-502788463962E-2 2E+0
5989339164707E+0 7732E+0
17008E-4 921E+0
-3E+0 -797E-2
89E+0 96E+0
-97518103639E-4 -9E+0
9991706E-6 -13E+0
797452239369273054E-6 6462E+0
-69374621520754887E-4 143E+0
-9087425383522656E-6 -8428E-2
-595311157208306E-4 8191E+0
44207539707E-4 670E+0
-466087122619E-4 1E+0
1206338692696E-2 1E+0
-13980874711358E-6 -4072E+0
86215E-2 1404E+0
26E+0 -45E+0
-5110E-2 -489E-2
20613812850764170E-2 386E-2
-5099517993047E+0 -1E+0
-9759092565754204E+0 -2E+0
-89996941229887118E-4 7299E+0
483E-2 5E+0
-5301047285E-4 -83E+0
4708566333E-2 -496E+0
-41304E+0 6E+0
868683270866E-6 48E+0
-995208217448E-2 -4E+0
8027E+0 -933E+0
84815616054476792E-6 679E-2
-27E+0 -56E+0
-934E-2 6E+0
89034749E+0 174E+0
-77733392E-4 -59E+0
-77E+0 536E+0
875080421472115169E-2 77E+0
-37397868727E+0 6221E-2
-792827888923E-2 -2378E+0
-99028364208797429E+0 -3E+0
13409351E-4 1902E+0
86057985E-6 795E-2
859087E-2 596E-2
350124E+0 2458E-2
-5E+0 4085E-2
410503513843775E+0 -825E+0
813849499916E-6 905E+0
408477725060E-2 -22E+0
78640E-4 -80E+0
24706066575E-2 61E+0
-5977E+0 9134E-2
7771527314573E-2 9788E-2
4112872E-6 -305E+0
472969162761017028E-2 1E+0
98133124843468E-4 3931E-2
85603385706243052E+0 -916E-2
1E+0 -603E-2
-2408979E-2 54E+0
708854072533E-2 43E+0
165492837E-2 1E+0
92848025910E-4 2E+0
-19284270471E-6 -63E+0
354037E-4 34E+0
9350055713653794E-6 8E+0
-2406854884475064474E-4 3E+0
-5E+0 -22E+0
49E+0 9E+0
614180619E+0 453E-2
7693338E-2 -536E+0
529914E-4 38E+0
-18745514456554E-2 7481E+0
44083E-2 4227E+0
-39E+0 12E+0
2104631230649581E-2 -33E+0
9E+0 17E+0
9E+0 9E+0
-2408E+0 4694E-2
19335236762E-2 3981E-2
50114184423634E-2 -1570E-2
75580928558892141E+0 266E-2
160679872E+0 -6958E-2
9745900897E+0 7E+0
-52833E-4 634E-2
7442075134E+0 -4091E+0
185415689825E-4 2912E+0
60961892117679E-2 -238E-2
-1452028075505929E-6 -40E+0
-6363184698781E-6 -4E+0
-23E+0 -11E+0
-274085931775807137E-6 63E+0
-7150705E-6 4E+0
-1825734078489629786E-4 259E+0
64330381979806836E+0 -821E+0
-279524756417084E+0 7357E+0
-789E-2 533E+0
3E+0 2E+0
92239603977622E-2 74E+0
707014974788E-4 119E-2
5480641E-6 -6E+0
1067696485E-4 44E+0
-6367E-2 69E+0
1589594794633E-6 -81E+0
-691976731307E-6 2E+0
246E-2 -4E+0
144581436E+0 1E+0
-827389207143828E-6 227E-2
2722E+0 -3599E+0
272325862033E-2 -94E+0
2059039074846E-4 -4E+0
79621E+0 16E+0
9200E-2 -7765E-2
6341E+0 -864E+0
-6967E-2 988E+0
-56165E-4 -1858E+0
9801553864793E-6 342E+0
25253E+0 7E+0
-21968E-2 551E-2
-8992087297E+0 6078E-2
936890E-4 -30E+0
29423787238076644E-4 2025E+0
-819908545404E-4 61E+0
8E+0 -8229E-2
-4155E+0 77E+0
-6449440277389718716E-2 382E+0
-990E-2 -5E+0
93342E-4 -147E-2
7712678E-6 5E+0
61699E+0 4E+0
7873668921E-4 -4657E-2
-8740186201960E-4 -78E+0
504690258683943950E-4 13E+0
68593878051820655E-2 -9E+0
-28640388792E-6 -6007E-2
86E+0 -226E-2
404E-2 -532E+0
-6E+0 9E+0
-1541350808095708E-4 7E+0
922975E+0 7E+0
130606540882E-2 -6834E-2
961975280976931E-2 2076E-2
-857072E-2 -758E+0
-2811624014770996588E-6 -2166E+0
297914988877E+0 7E+0
-6E+0 6E+0
450805266250E+0 1E+0
1496870865E+0 35E+0
-491067E-4 34E+0
-2996041696424732569E-4 6E+0
-94230221585639222E-6 -1248E+0
6987977039E-4 -51E+0
693633E-4 -7E+0
-3637935777671993620E-6 8E+0
1313E-2 -9897E-2
-53455390689714E+0 -965E-2
44243486499840E+0 -617E-2
-966221E+0 -6E+0
-5915204E-6 -86E+0
-97572513E-4 -3E+0
23915108E-2 8027E+0
3462599E-6 1E+0
-90903378019E-4 -468E+0
-10954E-4 4767E+0
-14550260357E-6 -6734E-2
-5936365337340E-6 2390E-2
812236E-2 -6791E+0
7833614E-6 7878E+0
-470249572153571E+0 -619E+0
-4957638271578551E+0 4513E-2
-6797629260E+0 50E+0
-3865624276E-2 5321E-2
-93785E-2 -5002E+0
-95208823111E+0 235E+0
-4E+0 -36E+0
85612899906087E-6 905E+0
-6731733809E-6 3E+0
41137964432495E-4 -1547E-2
7601E-2 8E+0
52410498E+0 -34E+0
-85432396E-2 -6400E-2
640760E+0 4E+0
912E+0 3737E+0
33960E-4 -82E+0
-70258416237723588E-4 3775E-2
83448369710295E-6 8E+0
958118096443981E+0 -233E-2
3E+0 -31E+0
-74E+0 -230E+0
2527699426973729895E-2 6E+0
6889E-2 -7702E-2
755952511E-4 97E+0
24284E+0 104E-2
-685273019152614122E-6 631E-2
-317553636723580571E+0 97E+0
9E+0 49E+0
901E-2 3216E-2
-49535300573E-6 7800E+0
218228E-2 -3627E-2
-9334928E-4 4105E-2
-59651043414E-4 8E+0
-2997354325877E-6 9049E-2
-80E+0 655E-2
-962976772347431421E-4 -91E+0
5455665837536E-4 73E+0
-68155135E+0 4E+0
-10158579E+0 975E+0
-54383305307E-4 -73E+0
514449E-4 -6560E+0
35491578169603E-4 -4731E+0
-6086787E-2 -8E+0
21356745899E-2 -5E+0
5434771950342905E-6 -57E+0
859064553492235039E-6 7E+0
4709669448314E-2 -194E-2
-7024305793950472092E-6 776E+0
3323267808756570091E-4 -78E+0
8E+0 3303E-2
63485509302E-4 -1E+0
8907511447E-2 -1E+0
-321E-2 7790E-2
-836671170279E+0 8071E-2
-560047E+0 2E+0
-391E+0 3921E-2
-209E+0 -3558E+0
3207679100249728E+0 -748E-2
-70E+0 8E+0
-6779593045791E-2 673E-2
492412E+0 7E+0
2343960266E-6 -2612E-2
448E+0 -9522E-2
57077E-2 -36E+0
363233056040525193E-4 2E+0
-54E+0 -13E+0
-27073E+0 956E+0
520171620E+0 -415E-2
55491990E+0 1072E+0
5E+0 -2186E+0
62336857E+0 -4997E+0
-3681787E-6 5E+0
-428857815E-4 -9506E+0
30E+0 -42E+0
-9744923469068E-4 -79E+0
-75844073013E-4 8206E+0
-36260312243E+0 2E+0
319034723116287757E-6 -49E+0
-269049617E+0 24E+0
-12E+0 9528E+0
-622E+0 -79E+0
-494887503E-6 45E+0
-7130345336E+0 -81E+0
744448033632E+0 374E+0
-65053402968191E-6 -1709E+0
11507913457813607E-4 -28E+0
77245373414425341E-2 -1E+0
-60435426470557E-4 8138E+0
-769674910930437177E+0 21E+0
43E+0 -2E+0
77150803583602536E-6 -942E+0
78679337E-4 -7E+0
25088723857959894E-2 -81E+0
24E+0 -4E+0
-57943627E-6 4E+0
2828595864405E-4 -70E+0
4122201E-2 3E+0
-3369614465906694126E+0 -8E+0
53E+0 3E+0
-428765307908E-6 6E+0
-40032283243332610E+0 -590E+0
-102E+0 -2537E+0
-58987E-2 -5E+0
265896E-2 -8882E+0
7306132E-2 -9E+0
491695673E-2 -824E-2
1927137854954499255E+0 -51E+0
-4208788360E-2 6E+0
-9612887E-2 -508E-2
-40061808265E+0 -2E+0
765E+0 7578E-2
4733048738384E+0 -68E+0
4607863E-2 20E+0
-40110E-2 -563E+0
-79356915043633430E-6 -796E-2
46E+0 7821E-2
9E+0 5604E-2
-48909300717773833E+0 -438E-2
-9003E-2 62E+0
-41304848247290244E-4 53E+0
2E+0 79E+0
99056025660E-4 -95E+0
-54403933668066727E-2 1E+0
9E+0 6543E+0
-6037E+0 -39E+0
1519471876246479E-6 37E+0
253E+0 -7E+0
-91678832562E-4 -7E+0
-4E+0 7203E-2
9925065294229644275E-4 -5977E-2
6881054422051761E-4 5E+0
48593563484052E+0 -606E-2
-5025E+0 -835E-2
7E+0 86E+0
8E+0 577E-2
-3465E-2 -85E+0
838E-2 6306E-2
-9639713774E-6 2E+0
-57639E-4 -31E+0
-470339735772832546E-4 -5754E+0
18374163543E-2 -55E+0
-200572833139262280E-4 -4E+0
927E+0 -6E+0
66717E-4 557E+0
98856E+0 -4E+0
-9869045704699964E-6 -7367E+0
5331278518576836E+0 28E+0
-7328968506E-2 9E+0
-913529E-4 -2E+0
-151947938201314254E-4 -6E+0
3061571641E-6 26E+0
670E+0 -1504E-2
6536E+0 -11E+0
-374340604E+0 521E-2
-74E+0 -75E+0
-5020084170802670919E+0 -296E+0
67853672000497038E+0 83E+0
-80370258779E-4 4480E+0
48448602491932503E-2 1E+0
2E+0 -28E+0
-783E+0 -1E+0
-339940E-4 90E+0
-6236E+0 -9E+0
283657859E-2 -2E+0
-914611E+0 434E-2
-61684274953E+0 -184E+0
-667442442293114499E+0 1573E-2
828677150E-4 -4491E+0
-411E+0 -17E+0
-7290E-2 372E-2
-4531016209E-4 -918E-2
-90892E+0 -52E+0
534445355847657644E+0 -55E+0
-79825583601940E-4 9E+0
8974315353494694522E-2 2E+0
-5622667E-4 -723E+0
-309E+0 -402E-2
672919465764E-4 -2191E-2
-8156620E-2 -5282E+0
-153248152679091541E-4 80E+0
13E+0 7E+0
-7705736074121499004E-4 38E+0
-51807076045124E-4 -77E+0
94650215573E-4 64E+0
1356058335231E-6 -7305E-2
-58273E-2 -1375E-2
24204954260E+0 136E+0
-615510193167E-4 -64E+0
-9977310084774373E-2 3059E-2
19280312034E-4 -869E-2
5285E+0 5E+0
72188542E+0 2E+0
-7365408082E-2 -533E-2
30118615714E-2 -41E+0
-18E+0 -388E-2
95643E+0 5876E+0
137E+0 203E+0
-4890757E-4 -915E+0
996512590933194010E-2 81E+0
742781023E-6 56E+0
-2E+0 87E+0
322009792729E+0 8E+0
251640315994E-2 -3453E+0
69834E-4 7E+0
632E-2 2936E+0
-380195665293402331E-2 -4E+0
-6E+0 -3E+0
-73893243E-4 46E+0
-5E+0 -7637E-2
537990457526251E-6 4951E+0
94E+0 4E+0
-42E+0 1848E+0
9E+0 839E+0
-89132505211764301E+0 -298E-2
-6736E+0 -186E-2
-4859456114451005E-2 -688E+0
5190379934281408E-6 9950E+0
74151635766E-6 -55E+0
43526453061365501E+0 6891E+0
-51026148570827E-6 2E+0
-809827726505E-2 -507E+0
2124498545E-6 618E+0
-1760875480049562754E-4 41E+0
818059115E-4 7E+0
60544194708E-4 6058E-2
-14896581405006618E+0 -2349E+0
-13038981E+0 9E+0
-8E+0 -7253E-2
417763999612253E-6 2273E-2
-655113961892E-6 -5E+0
-7959343591521E-6 9E+0
-7319459610812611E-4 -8E+0
-693562836029543457E-6 96E+0
-26587757412E+0 -6406E+0
91898499461564E-6 -2E+0
99188100813488642E-4 9E+0
898187184966299480E-6 62E+0
-71555E+0 6569E+0
645404E+0 -7E+0
-9E+0 -89E+0
-160565408936516E-2 86E+0
7963E-2 -331E-2
9806409477739937E+0 -61E+0
-94731E-2 364E-2
5196405613907180E-2 -480E+0
-39098925405998568E-2 -2E+0
-965230147148E+0 -7E+0
5310737849E-6 78E+0
998E+0 35E+0
-87150002097E-4 9114E-2
56953156331102E-2 58E+0
8788924500999E+0 496E-2
3529777207014766E+0 42E+0
-66928500124967956E-4 4023E-2
3327679371452245020E-2 -66E+0
2842956035638163E-6 -92E+0
539018915997E-6 665E-2
69E+0 19E+0
8060614E-2 619E+0
-1108E-2 7E+0
347496699934561E+0 -1545E-2
-383613E-2 -6058E-2
6447333514780E-2 11E+0
-798910900E-6 -22E+0
24419495831742E+0 144E+0
-4015825080301E+0 3E+0
-3344E-2 587E-2
-9261412428192556E+0 -7861E+0
-4E+0 95E+0
15E+0 -2038E-2
5930E-2 250E+0
4867290419158987E-4 -4122E+0
-647351432921436E+0 3E+0
3353812883318E-6 8991E+0
8428869208E+0 682E+0
1081217722118142752E+0 -65E+0
426603503570352109E-2 1540E-2
4093083322945397E+0 1E+0
-45049997392648909E-6 -2E+0
751878704530052E-2 461E-2
85871395039E+0 -442E-2
802418858687366E+0 856E-2
3747901238E-6 3597E+0
4236E+0 -17E+0
-74925018E-6 -2089E-2
-8860206747784017717E-6 3E+0
81852610435E+0 -5332E+0
447264741471771E-2 -9472E+0
-708468E-2 -177E+0
3970E+0 -7E+0
7E+0 -195E-2
40175433329E-6 5E+0
-177400279927117E+0 -6765E+0
2405578374814E-2 -73E+0
232765251937341E-6 1092E-2
5241736832E-6 9E+0
928811E-2 -6723E-2
3856847398163842E-6 -7619E-2
8728298496360E+0 -1E+0
-8E+0 -7E+0
53375E+0 -9E+0
-279861217E+0 -39E+0
6022485E-6 9E+0
-67592E-2 11E+0
-5979768943740E+0 -8E+0
-87182269325085924E+0 746E+0
-8E+0 -7683E-2
-833E+0 431E+0
9783413731427E-4 87E+0
6717015676749296E-4 -732E-2
-3894E-2 4E+0
-28424E-2 -30E+0
262123E-4 -296E-2
-517155042428E-6 289E-2
7260335438446624E-4 7E+0
-877E+0 -3673E+0
-95065806E-6 -8184E+0
3045767E-4 136E+0
3E+0 49E+0
-177E+0 21E+0
5794256522E-4 15E+0
-155E+0 -8964E+0
25542683004786E-4 -188E-2
-39137853E-2 -314E-2
13784892446767E+0 20E+0
-68443E-2 56E+0
-409920182773865903E+0 7E+0
-662111010193E-6 -5E+0
727960354776E-4 -378E-2
-8E+0 -43E+0
78116E+0 300E-2
8484796156235503152E-4 5E+0
-312014850E+0 -55E+0
8755897530E-2 -2E+0
9496E+0 -6E+0
1977393527E-2 693E-2
661293905531754646E-2 -4582E+0
-3E+0 -1E+0
18966E-2 -5E+0
8845E-2 -31E+0
6860E-2 436E-2
9314719047083352E-4 4E+0
-260336E+0 -99E+0
-488E+0 1E+0
-415310144565979E-4 6752E+0
-378550521121E-6 -32E+0
-1636730810E-6 57E+0
-7179E-2 -7E+0
1777968353E+0 -231E-2
93450191E-6 -2E+0
-9402567102867185853E+0 92E+0
-57440606E-2 -17E+0
554503E-4 903E+0
83E+0 4870E-2
-4855814527979141E+0 -2E+0
-3182E-2 -3919E-2
7E+0 -14E+0
-3E+0 46E+0
93705E-2 -402E+0
-806712655899719142E-6 9E+0
-5460E+0 6E+0
-9557821380E-4 -3914E-2
-9103451619170983560E-4 7E+0
-57754852214E-4 -56E+0
114666057776E+0 6397E+0
589870086066713037E-6 144E+0
690E-2 52E+0
1E+0 -4E+0
-346855E+0 3E+0
-86232794241585447E-6 5128E+0
906271168536E+0 32E+0
-110251147024E+0 3E+0
437000711244758E-2 -5093E+0
877571037E-2 -210E-2
305E-2 292E+0
-48497E+0 61E+0
-567814490112071566E-6 -126E-2
293342643509359E+0 -5E+0
-3970701609441320360E-4 -11E+0
35263E-2 37E+0
-184369594333E-4 -9E+0
9688121214945544E-4 3843E-2
195126366619E-6 86E+0
6327709928213617979E+0 991E+0
-6549428E-6 -132E-2
880868E-4 887E+0
-36E+0 9E+0
-317997159E-6 8267E-2
-396392564E-6 76E+0
6134743477048E-4 -9135E-2
-7979539295084504718E-2 -2786E-2
8601084196E+0 -75E+0
7540724438191373E-2 48E+0
-27390E-4 14E+0
-816296E-2 62E+0
93E+0 1562E+0
242E-2 8919E+0
40416075621103E+0 2007E-2
-3527695E-2 4317E+0
-9710934E-2 2318E-2
-9638256E+0 15E+0
-41954107E-4 4E+0
-61616528693E+0 281E+0
-2849169716654772259E+0 -4306E+0
-715E-2 47E+0
-68492612E-2 -51E+0
36745677697417E-6 -1495E-2
93E+0 -2E+0
-6877745320011E-2 -4135E-2
-830330750989740E-6 5E+0
-821068E-2 -55E+0
3736469192455673E-6 -878E-2
-655E+0 590E-2
63613124685245710E-6 635E-2
-57511584601865344E-6 70E+0
6083702E-6 -39E+0
-9326729384E-2 8E+0
68622976537051839E+0 -16E+0
-1098266E-6 3E+0
6375553E-2 24E+0
-5E+0 -77E+0
87262761846E+0 -8E+0
-8666675E-2 -9693E+0
91E+0 709E+0
-34E+0 -49E+0
308914366E+0 -361E+0
2959E+0 709E-2
375295259916732267E+0 -602E+0
69844E+0 84E+0
575131391628311407E-4 3E+0
41057628359E-2 -41E+0
7369851574227227E-2 1275E-2
-5090253E-6 4707E+0
-2669E+0 861E+0
5317598463527705717E-6 36E+0
-254359E+0 4E+0
-97724205E-6 -6313E+0
-68463E-4 3303E-2
-2177467E-4 -108E+0
2528190798415151567E+0 -994E-2
6772301E-6 -746E-2
-38269776035E-6 -33E+0
-8605931201269E-2 53E+0
7061044635E-6 63E+0
72346792849138E+0 9E+0
-7730917029149E-4 10E+0
-713021428075326496E-4 -26E+0
33536E-2 536E+0
-178560101248E+0 292E+0
-188580198539E-2 -556E-2
1E+0 -250E+0
-4531E+0 60E+0
410563014E+0 -53E+0
-464464221684171412E-4 6096E+0
546947424E+0 6134E-2
1428599659448687E-4 -667E-2
-66251880614736193E-2 26E+0
-938E-2 -199E-2
44724E-2 4E+0
644E+0 35E+0
70E+0 2153E+0
8468504096186E-2 211E+0
-7340283E-4 -894E-2
3821605107336870E+0 -5026E+0
4172353588864E-6 -44E+0
1560268E-2 -7176E+0
-43112370836226297E-6 76E+0
55210628169E-6 59E+0
-34772898998008E-6 -45E+0
66466886176758E+0 -30E+0
-392279305347279E+0 -39E+0
441257451896E-6 2720E-2
-115040041091041E+0 59E+0
2226200457028E-2 -4E+0
6843404232517702799E-4 49E+0
-632696E-2 -730E-2
-562292321027E-6 1E+0
-493254140070799E-4 14E+0
7746465E-6 6E+0
7029179363148532E+0 -14E+0
44752892922629116E+0 860E-2
14E+0 -270E+0
-35E+0 -8564E+0
37E+0 -93E+0
-563E+0 6962E-2
618E-2 -55E+0
64791983258987E-6 -1040E-2
8278448188511473E-6 -260E-2
-51021E-4 3E+0
-11383067438665255E-6 -4E+0
-936E+0 -893E+0
649394690675187E+0 -6E+0
-682921893780449E-6 -38E+0
-3103255561965317E+0 207E-2
6E+0 -998E-2
-6732181233E-2 6E+0
-3899919E-6 -7745E-2
-83641577004232E-4 637E+0
552E-2 -91E+0
-441222428E+0 -7E+0
-5969E+0 4E+0
-2762E-2 -6E+0
-4198893615856782209E-2 -8038E+0
377932192213E-2 -654E+0
-88E+0 53E+0
4E+0 2730E+0
-156012491528703E+0 -5E+0
20093207898803851E-2 959E-2
-798E-2 26E+0
999950215346E-6 249E-2
-7058766586978E-4 91E+0
8768336536E-4 -30E+0
-199110395388860E-4 7E+0
-38523418708563010E-6 9E+0
-2E+0 -94E+0
-8742004E-4 -9E+0
4384067624E-6 -620E+0
-9015299455619E-6 -4E+0
53353318032992E-4 5E+0
-601178E-4 1E+0
-8E+0 493E+0
8898203595E-2 713E-2
-382888E+0 3E+0
-888E-2 81E+0
3186198E+0 60E+0
-7908E+0 912E+0
3165E+0 197E-2
-699785E-2 60E+0
-62406098802047577E-4 3084E+0
-48542956454E-6 582E+0
-2798951349E-6 7670E-2
-7E+0 -8598E-2
81430100463E-6 -29E+0
-564981892124741522E-2 4E+0
40276298303E+0 2882E+0
-71861E-2 15E+0
-972E+0 -6155E+0
-3318792369737E-4 7E+0
-8029315E-2 -42E+0
-3430E-2 7E+0
-8E+0 -828E-2
-39947378629263440E-6 -925E+0
-2213271744699866E-4 7E+0
-5230217877E-2 -723E-2
-87621292E-4 -872E-2
-2E+0 10E+0
54835E+0 500E-2
533049668E-4 4E+0
867854745494E-2 -738E-2
-998255930872517E-2 -310E+0
-8425547E-4 2577E+0
-39E+0 27E+0
-1684888231987139589E-4 89E+0
57186701225093E-4 -9E+0
352753852E+0 7995E+0
-943279124158E-4 7895E-2
72961871E-4 -882E-2
-988293574861477426E+0 8783E+0
-217850967E+0 2E+0
85482171402159E-4 5E+0
-5E+0 17E+0
-6272319112260343E-6 -4340E+0
-469970E-4 943E-2
-520537061174E-2 -4934E-2
-937306478E-2 283E+0
-43160374E+0 11E+0
6E+0 8E+0
-889E+0 19E+0
-191E-2 66E+0
-99610635353282282E+0 -1E+0
-936224E-4 -528E+0
-38039E-4 7E+0
-94289022580233E-2 -5564E+0
-7033597020162920E-6 6E+0
-87092714531557129E-4 2833E+0
655125390700743942E-4 -4754E-2
-81644497822881E-2 4301E-2
778954062182E-2 -76E+0
-81777E+0 -9577E+0
1490904E+0 189E-2
63505701173E-6 2E+0
858517186552038723E-4 1471E-2
9592E-2 8131E-2
54488E-2 357E+0
-6E+0 8E+0
1457128E+0 -34E+0
991131108E-2 447E-2
-192E-2 -6E+0
8943E-2 -95E+0
66727E+0 -2235E+0
55587031556E+0 -46E+0
-605733945787E-4 20E+0
-7686247016E-2 -479E+0
5462146467732E+0 39E+0
-211323028301654829E-2 1E+0
-45E+0 8E+0
515151956486700E-6 82E+0
-891094080573699E-4 -1795E-2
-1983092337695904E-6 -339E-2
-6790544770694891785E+0 -2E+0
-510E-2 63E+0
88E+0 57E+0
-219647529162099463E+0 59E+0
4750E+0 -432E-2
9329E-2 4E+0
-14607582104804455E+0 5E+0
455950E-2 286E-2
-7364247E-6 5482E-2
-26781041029E-4 4193E+0
-3574529E-4 3E+0
-3955696198607558E-2 -9030E+0
7097177219359971E+0 -10E+0
772386384984E-2 -53E+0
4162046625691439685E-6 91E+0
-88442E+0 -357E-2
-904140686790230E+0 -19E+0
-836770804400E-4 5631E-2
-61912337300E-4 8339E+0
-520744582474E-4 775E-2
-5E+0 -9841E+0
9380125145825161E+0 364E+0
-2436E+0 4746E-2
1414934E+0 -35E+0
704947537351600E+0 1212E+0
-614E+0 235E-2
85863223942E-4 -685E-2
-57E+0 -497E+0
-898174196513884957E-6 38E+0
-75E+0 40E+0
-39264E+0 7284E+0
-616424787905E-2 7443E+0
-195893E+0 7E+0
-9E+0 -1E+0
4294233615601626E-4 7E+0
424282962791710E-4 8810E+0
-4E+0 -416E-2
36010108371714919E-6 361E-2
-9149282403846E-4 -172E-2
-65642386834365678E-2 -77E+0
3393E+0 -71E+0
-8478649211390398E-2 353E+0
-303055380252690E-4 8E+0
3967E-2 -3E+0
-7E+0 716E+0
89216E+0 92E+0
97587828987E-2 -3411E-2
-2044595922099E+0 -5456E+0
68591196095812077E-6 87E+0
-61167503972725563E+0 7E+0
5845507E-2 21E+0
-17742556893540019E-6 -57E+0
-48535988E+0 -77E+0
28379491462107783E+0 -1E+0
-76E+0 -571E+0
7E+0 -6E+0
-65681616456884E-4 3E+0
-57129151371879136E+0 -44E+0
29016077E-2 -77E+0
32645997188518894E-2 6E+0
52E+0 19E+0
74750055E-6 7E+0
-7E+0 -7719E-2
-6030283444E-6 -7E+0
209370632455E-4 5199E-2
-60E+0 576E+0
-37E+0 -1E+0
832473370004206E-6 -2E+0
-9163226723E-6 6096E+0
-86941303E-4 2267E+0
-89156907822E-2 -3093E+0
-363336E+0 748E+0
-84749E+0 849E-2
-5916948316194E+0 -9497E+0
857093013E+0 -8E+0
798934E-4 -7108E+0
-417955548446144230E-2 9619E+0
-27054193E-6 -8411E+0
-4267E+0 -1271E+0
-684238093551789257E-4 805E+0
491899E-2 8E+0
47E+0 4274E-2
-57939E-4 -5E+0
-940624E+0 2531E+0
1559435549581398E-2 -2481E-2
207616285703132244E-2 -778E-2
-1727E-2 70E+0
-2653E-2 -7E+0
-8325797445E+0 -3298E-2
-30636142430527529E+0 -9E+0
-1954E-2 -5853E+0
-824E-2 -8E+0
-16834569583075841E+0 4E+0
-8298233631E+0 -98E+0
931849049007379956E-4 493E+0
9055022044E+0 3E+0
-9099487149805113E+0 -10E+0
351352264E-6 6E+0
471663777781560E-6 -5E+0
-60E+0 -3020E-2
7980293827789996046E+0 -358E+0
-22638400129E+0 -62E+0
91E+0 2346E-2
7338519152958632196E-6 334E+0
3659474E+0 -3E+0
83579362366353475E-4 5616E-2
