# swept corpus: band=ET profile=P-fin seed=0x1234567 count=4096
# ET = Exact/Terminating divide (x = y*q exact; residue exact + trailing-zero strip)
# format: two space-separated canonical decimal strings per line (operand x, operand y)
-903E+0 43E+0
-1621691989690320800E-2 392E-2
18021800E-4 7180E-2
-282712E-4 -2E+0
-3618163638E-6 366E-2
-28915071950654540E+0 17E+0
-195054628E-4 5777E+0
-3789476374907551960E-6 9656E+0
908640E+0 -96E+0
-186980727479751E-6 -387E+0
-48E+0 8E+0
-7516650639663E-6 -11E+0
165390E+0 -222E+0
-34776993433272355E-4 -5E+0
-29029355731035E-6 -5E+0
36261E-4 -51E+0
-3288740E-4 -3614E-2
-325382638634E+0 3391E-2
13103295588E-6 -333E+0
63348833899064E+0 8E+0
162439304756722435E+0 -1949E-2
1426E+0 31E+0
-6189183E-4 9009E-2
411547977879377844E-6 -6E+0
16E+0 4E+0
-46034019E-6 -657E-2
29676402750E-4 -85E+0
-4386034215040E-6 5840E+0
5106720444E-2 -5838E+0
-943209855398E+0 2E+0
-404294E-4 8789E-2
221398896125418969E-4 -3E+0
2091549700630E-6 8410E+0
50147002652E-6 6106E+0
208038226501924008E-4 3E+0
-22063599558E-4 3069E+0
-666E+0 -74E+0
-187236E-4 8916E+0
5152E+0 -56E+0
-504205715412E-4 -7E+0
4485558E-4 -5621E-2
5803998556815842E-6 -71E+0
-3084224E+0 -5392E+0
33560094056E-2 4E+0
15486800E-6 20E+0
-165430219361429106E-6 -63E+0
8417362890E+0 1E+0
12103446600E-6 4200E+0
-4938333680E-4 1960E+0
518312E+0 8E+0
76473E+0 9E+0
6183E+0 687E+0
1875200017326741E+0 8379E-2
-1987323090835328444E-6 316E-2
53021027894527E+0 7E+0
-1514668086E-4 -162E-2
172630E+0 -283E+0
40917910E+0 55E+0
-278235279E+0 -21E+0
220696E-2 563E+0
-1554990E-2 -510E+0
99112090E-2 55E+0
77712324E-6 1E+0
-579931186706E-2 -782E+0
785493400163371E-6 8297E+0
15530600197619864E+0 7E+0
-18330916281132E-2 886E+0
1677352020229566510E+0 30E+0
-533330188E-6 604E-2
4566657938460E+0 6036E+0
-20723157E+0 -3E+0
-280625359937472E-4 7164E-2
-161807484003652872E-6 -42E+0
-9713563536189786E-4 273E+0
23932172557902940E+0 -701E-2
-47147087468E-6 -52E+0
135925559895304E-4 17E+0
33089877364754E-2 7E+0
-331935834983849908E-6 7E+0
-21803836875E-6 -591E+0
-1310442350E+0 19E+0
-34104E-2 6E+0
331576841529931320E-2 -1530E+0
28493829253551717E+0 33E+0
-68219514173369724E-6 3E+0
2641734659070448668E+0 3E+0
-76925E-2 425E+0
581005238E-4 7601E+0
-41935729291E+0 -547E-2
194024303640E-6 40E+0
782181628E-6 -68E+0
-24760E-4 -6190E-2
23949584412526650E-6 590E+0
-28345982E-4 -94E+0
-1340917591139296475E-4 -3475E-2
5376E-2 -16E+0
41198777617400352E-4 -58E+0
-67436528E-4 -118E-2
-113959579E-2 -463E+0
-68688E+0 81E+0
505325226E-6 2E+0
2930784987695857496E-2 -3428E+0
5552895419816823E-2 67E+0
855806563682E-4 7E+0
5296694802433609536E+0 -72E+0
-120E+0 12E+0
5638440283E-2 -593E-2
19417708E-6 2E+0
1681368E+0 2536E-2
-7285386E-2 822E+0
7274198479428646024E+0 -8E+0
-47139586342918E+0 -734E+0
9124839930515363016E-2 -93E+0
-424768E-2 -8E+0
594045048E-2 58E+0
4562593771E+0 -641E-2
-3472861529112337414E-4 82E+0
1274377095448812993E-2 -33E+0
-23771986142685E+0 -3905E+0
-1455809333356409E-4 -4261E-2
13763414448E-4 -8E+0
7020804E-2 -996E-2
48198E-2 8033E+0
-10898028E-4 4E+0
23894761644483664E-6 -68E+0
-18961403183685677E-6 -31E+0
964E+0 -964E-2
-1530724458E-4 -281E-2
5890177541221E-2 -5851E-2
2482031301026487204E-6 -3E+0
2392E-2 -299E+0
79055E-2 97E+0
336539096E-6 38E+0
282092E-4 4E+0
-148E+0 -2E+0
250683459811354350E+0 -30E+0
101488980954E-4 -6E+0
-1332406651247090E-4 -38E+0
-20724150755628344E-2 827E-2
13546084244190E-2 3210E-2
7919534867032800E-6 8415E-2
-41696686E+0 1E+0
-7474296E-6 888E-2
-3621817817776E-2 289E-2
-1399828791E-6 -3E+0
4411235301598327560E+0 62E+0
14112384E-6 -176E-2
-3925680691805796090E+0 -4993E+0
-102319481268212E+0 1153E-2
-368E-2 46E+0
-1383E+0 461E+0
45850E-4 -1834E-2
-1554E+0 -42E+0
1277388107895994967E+0 -1621E-2
4075E+0 -5E+0
-5148472E-4 89E+0
49264265800E+0 9470E+0
200627005E-6 515E-2
-72644580E-6 -90E+0
1719225180567964086E+0 -618E-2
10E+0 2E+0
345264017E-6 3703E+0
-172676E-2 4E+0
-68263415231682510E-2 -18E+0
-605040945574E-6 -6994E+0
-86148171120717552E-6 77E+0
-3567784513538E-6 5957E+0
-377765442E-4 -6758E-2
2624203174726307204E-6 -82E+0
5487E+0 -93E+0
-293911E+0 -589E-2
4531779584E+0 8E+0
-12548748530153222E-4 9374E-2
50031E+0 -5559E-2
2994073452E-2 -9E+0
-569959477812982E-4 -6854E-2
302880E-4 -80E+0
24120E+0 360E-2
935904156883225E-2 419E+0
-15958164800626191E-2 -29E+0
-331905231294E-2 -6E+0
128459760E-2 4728E+0
1993640673279026700E+0 -2930E-2
36358202072601594E-2 -54E+0
584E-2 8E+0
-3274085786937E+0 -7E+0
19164952E-6 404E+0
85957301038658E+0 -9947E-2
-80E+0 8E+0
-2313879246E-4 7E+0
4843762E-6 71E+0
321515853311235973E-4 533E-2
-49694496E-4 -53E+0
1443709342384E-6 -796E+0
36056947928669514E-2 -511E+0
-41163659514576154E-4 2E+0
-668249583337376916E-6 82E+0
-83942166E+0 -1E+0
-52527860E-2 7E+0
-8887059E-6 -9E+0
484933873151E-6 -7E+0
335066902238607080E-6 -6982E+0
-284666552919209718E-6 4806E+0
-43086315960E-2 72E+0
-3015E-2 15E+0
3808E+0 -1E+0
515304E-2 -7157E-2
-207604919082392E-2 -824E-2
434605548600E-2 5400E+0
8619867E-2 9567E+0
-2336433393454353E+0 -81E+0
-170946E-2 -2E+0
-2179738885243848E-6 -984E-2
-1061591287975E-4 6155E-2
257306456E-6 5864E-2
520535485085E+0 -77E+0
-61006822070136E-2 7608E-2
11457569757745986E+0 1533E+0
142462160E+0 16E+0
-9611136E-6 -4944E+0
-624335286748800E-4 66E+0
-137954355E-4 11E+0
24050E+0 37E+0
-206783448643800E-6 -350E-2
166584E-4 631E+0
-3090733202920E-4 -1202E+0
317565046977423491E+0 -3967E+0
214638E-4 -3E+0
3729392135315E+0 5E+0
-14089347757030824E-2 492E-2
-52542E+0 1251E-2
752441657352E-2 -8204E-2
48552E-2 6069E-2
167011527721844E-6 52E+0
-99E+0 11E+0
-769876E-4 788E+0
-155225E-4 6209E+0
184616618953279E-2 -571E+0
52792E-2 8E+0
-217404E-2 -2684E+0
3415858380E-2 684E-2
1681838151E-2 -453E-2
176E+0 2E+0
571257438660E-2 -82E+0
-691408695E-4 7699E-2
6044325E-2 -609E-2
-4866137583607758042E-6 -9E+0
1915506462E+0 -2E+0
-2000570764E+0 -1E+0
-364E-2 -91E+0
-2558008068551469106E-6 643E+0
-838185E-4 -969E+0
-418210911669504E+0 -62E+0
2515953414E-6 -78E+0
644903E+0 7E+0
84850284668E-6 -9484E-2
-13616625E-6 33E+0
-6390E+0 -71E+0
-13397975967815362E-6 -29E+0
-779701641025E+0 925E+0
335936356038246E-2 -6E+0
-146041341824E-4 -1E+0
-24426E-4 6E+0
-7E+0 1E+0
143694E+0 -54E+0
-6979258230958640E-2 7928E-2
44996577355125E-2 -9075E+0
-28362460E-4 701E+0
676339387784E-4 -8E+0
-147819775643109185E+0 -7285E+0
-43235003671384E-4 -8E+0
781789852689911022E-6 79E+0
-9679259863052540E-2 -2E+0
-4761822640465E-6 2017E-2
281906065699854676E-2 -3092E+0
6013812569620E-6 8467E+0
39674071055917391E-4 937E+0
1392874761306840E-4 7532E+0
6132720E+0 759E+0
-31082845906730E-6 61E+0
-25234607934E+0 -9E+0
-9188439033768E-2 -3E+0
-1575965419824838E-4 6121E-2
15029754E+0 478E-2
347191033340375E-2 5E+0
24613605720E+0 -8415E-2
419670199466E-4 7E+0
-30500153807996E+0 4E+0
-729928072482626109E-2 -3E+0
396E-2 -9E+0
-122279960E-6 473E+0
-5312381930E-6 -74E+0
6534E-2 3267E-2
335441382E-4 -51E+0
4130425661951623500E-4 50E+0
-7674369444E-4 903E+0
188820577091272203E+0 -63E+0
157578129098739578E+0 313E-2
-65056E+0 8132E+0
22508056121249412E-4 -2466E+0
-65745610E-2 695E-2
-2361992292369E+0 -6147E+0
254735151307E-4 61E+0
-1854282888519096E-2 -28E+0
2322462444610280092E+0 -4198E-2
241755E+0 1135E-2
-481657463059045E+0 65E+0
32984E-2 -532E-2
25290558944E-2 -7E+0
16462243864382E-6 2E+0
-715479205374943E-2 17E+0
3740357123580184E-6 4E+0
67398478261344849E-4 807E+0
74701822079713248E-2 28E+0
355157971185654E-6 -486E-2
616868790652356E-2 -33E+0
-34358377577403565E+0 49E+0
-35394317905800828E-2 -52E+0
-12909E+0 13E+0
-1694098705E-6 17E+0
1033619197556E-2 2516E-2
43070E-4 5E+0
179304808E-6 82E+0
-28964673838454520E-6 -8E+0
-1019280E-6 -1096E-2
4102891257005748E-2 762E+0
645805949537777354E-6 -1E+0
-10875299568E-2 5068E-2
744931149916988970E-6 309E-2
24834603E+0 -51E+0
490027620E-4 6E+0
238102E-2 -5066E+0
-521037216E-4 9E+0
369266687745E+0 -5E+0
1860088395E-6 55E+0
360E+0 90E+0
8199E+0 -911E+0
-8796682420690E+0 -2E+0
-675280142264458416E-6 7532E-2
261777998272E-4 796E-2
-1564619E-4 -1813E+0
-18750682745487E-4 9E+0
-9135E+0 -9135E-2
-34913138786790831E-4 411E+0
-11955968067280377E-6 19E+0
-272278842109750880E-2 -8E+0
-3708E-2 -4E+0
-47530E-2 70E+0
-556054327557426E-4 2742E+0
46205604E-6 -6E+0
539215830859223E-4 -7E+0
-171125891070612E-6 1852E-2
-90745010017588E-4 -92E+0
168037130393116466E-6 -2E+0
-62017942896E+0 3969E-2
122706E+0 -7218E+0
1859516029392E+0 3489E+0
-1204946272057643E-6 17E+0
-6902791404442725526E+0 -89E+0
909475833037218E-6 942E+0
-335286904315618460E-6 -580E+0
365874E+0 7174E+0
-99650002400628456E-6 2338E-2
-67E+0 67E+0
-1776850E-2 -5E+0
-633249458292E+0 -2582E+0
-39772285423103E-2 -859E-2
34674992E-6 4336E+0
272881698800E-2 5E+0
110E+0 55E+0
-261665241175E-6 -5E+0
161059501114696E-6 -5932E+0
459E-2 51E+0
-5192163460624E+0 752E+0
-5913339E+0 -1011E-2
3799840333562952E+0 582E+0
8826102E-4 9E+0
-1163208830493784E-2 -4E+0
-20135E-4 -4027E+0
291885369E-6 -223E-2
-40690913155552E+0 8E+0
-183748509E-2 -9E+0
103149E-4 1413E+0
138E+0 3E+0
-1619636859725676E+0 438E+0
-8493E-2 -3E+0
674775E-4 -75E+0
-601530244224E-6 -91E+0
373797884075733E+0 -39E+0
1567885565431478439E+0 369E+0
8820E-2 90E+0
10795502601933E-6 -7E+0
-655880970816E-4 8E+0
299307784E-2 -4E+0
46551909701102106E-2 -9219E-2
4413607153202258E+0 -634E+0
1584E+0 -4E+0
-3560052E-2 -964E+0
22246E-4 -98E+0
80792890932319E-4 -149E-2
520207209162E+0 -6381E-2
601603357864309425E-2 -675E-2
-3060933724851861915E+0 -8505E-2
3389157008732940E-6 -890E-2
-37877668522640E-4 415E+0
-990840E+0 -1077E+0
-28659E-2 -9553E+0
3824687551785888480E-4 -924E-2
-2113141800E-6 5775E-2
174230E-4 -1834E-2
-5550E-2 -925E-2
-126180E-2 180E+0
-7900E+0 -10E+0
-7139289586472E-2 -92E+0
2944389E-4 941E-2
-171288206842554252E-2 -7422E-2
29785748414521680E-4 -4760E+0
-23840329406081292E+0 8452E+0
-1320903056289955512E+0 -6744E+0
-1276621350E+0 -177E-2
115566275260E-6 19E+0
40020E+0 69E+0
3330E-2 370E-2
1249496754107E-2 7E+0
-1840E+0 -92E+0
2072661585882E+0 3E+0
-397120680E+0 -408E-2
740745242544E-2 961E-2
-384E-2 -96E+0
3726562170303877910E-2 -5E+0
291872129259E+0 -7451E-2
6725082E-4 273E-2
4559134247136E+0 -14E+0
213556E+0 28E+0
-654761661011914155E+0 -7E+0
-52052345278497E-2 -9E+0
-2090E+0 -55E+0
-144E-2 -3E+0
7364573E-4 67E+0
4E+0 -4E+0
51893917033378E-6 9923E+0
665920868815540E+0 -2E+0
-817490114096E-2 9616E-2
10024023798800E-2 400E+0
7818110464642605711E-6 -9E+0
-90786644042E-4 -269E+0
-2552E+0 -29E+0
-52255586093198E-6 -74E+0
-228237030E+0 45E+0
-3165398461675431E-2 -57E+0
-6951E-2 -6951E-2
-120105023554E+0 -2E+0
-4883332843373481E+0 -27E+0
206020800E-4 -45E+0
-449501336041210E+0 -5E+0
-37E+0 37E+0
61802235796292E-2 68E+0
1682320E-4 -5E+0
-158110238E+0 -2E+0
16783200E-2 -40E+0
-752059463192329700E-6 5E+0
-30183223939575506E+0 -6542E+0
11703399084461340E-2 -7884E-2
2236962E+0 -3374E-2
-7495982219471291E-4 -7949E-2
4770900E-2 5580E-2
-277677060103181858E-4 -4171E+0
-574400508E+0 734E-2
6319504394147927496E-6 -7734E+0
-72868433577472344E+0 24E+0
-13115472E-6 -219E+0
-48153240627093189E+0 -783E+0
383070310E-2 -5E+0
489459240E-6 6036E-2
-214344849801786E-4 -879E+0
760933505841692913E-6 9E+0
-9332940E-4 -20E+0
373723E+0 49E+0
-6892003E+0 -19E+0
-32010992480990880E+0 4634E-2
255324738736E-4 -5282E+0
-2879957840E-4 80E+0
-486780E-4 -7980E-2
-870E+0 290E-2
-5695030068E-6 -21E+0
-239919E-2 -3E+0
74805E-4 3E+0
75777438E-6 86E+0
547568876855181665E+0 55E+0
-385027506404750E-4 -475E-2
-70875839636235E-6 9E+0
-59799E+0 643E+0
-41040E-2 2E+0
-1324E-2 -662E+0
-543115019304E-6 99E+0
-2319830697377585472E-2 46E+0
-81039886236E-4 -2781E-2
5523998388E-4 -1E+0
35928E-4 8982E-2
589610E-4 7E+0
-15796E-4 -2E+0
250201618674562E-2 -1E+0
-5561941558124E+0 -994E-2
4266127032240E-6 496E-2
-44489407E-2 1453E-2
356010197E-6 8293E+0
-19849916460E+0 4E+0
4388408650164E+0 1316E+0
341774715E-6 2465E+0
39017138884672494E-6 -754E+0
-77201295423797E-6 79E+0
-7295700E+0 -8790E-2
37592E-4 -4699E+0
-21447496E+0 -8E+0
-5801142596974009310E+0 6481E+0
2362065973488E-6 -7344E-2
-853643704E-4 94E+0
-453910518073668E-6 -4E+0
87447030035E-6 -95E+0
1518E-2 6E+0
8694E+0 -966E-2
1703416266E-4 927E-2
-116032E-2 32E+0
370110E-4 78E+0
-98855973E-6 1E+0
864217614018667740E-6 -1972E+0
-290915780E+0 -620E+0
-5215489020E-4 7E+0
11207262E-2 6E+0
-6269250E-6 975E-2
103730E+0 -2530E+0
264127244139000E-2 -6116E-2
226211093751755E-4 229E-2
6963813E-4 -9E+0
5011646671998E+0 -37E+0
-24466120135464E+0 -3422E-2
381571176784311E+0 4119E-2
-22213333144E+0 4E+0
-7993505382E+0 9546E-2
244639199564640985E+0 -65E+0
-914809764E-6 6819E-2
-7127130207568084E-4 -721E-2
-5610535958077914E-4 6E+0
770913849543960E+0 8E+0
-2691021889E-2 89E+0
1058991769974E-2 -1294E-2
-9108E-2 414E-2
-689258768594600E+0 8E+0
-1877E-2 1877E+0
-61710E-4 -66E+0
-4558211093168E-2 7856E+0
358402028E-6 7303E+0
-40025340476668756E-6 41E+0
-46023954943726936E-6 -8E+0
4277E+0 47E+0
-541632E-4 62E+0
-18E+0 -6E+0
3737317142923716E-6 -4E+0
645522511574E-2 -113E-2
-531840E+0 -8310E-2
41094237446920E+0 -5E+0
4012760669526E-4 734E-2
-1624251128977190020E-2 -2E+0
669262E+0 -11E+0
17000E+0 34E+0
3971042E-6 -499E+0
-22585321205582544E-2 3152E+0
-71525596219E+0 -77E+0
-170680E+0 40E+0
-4032E+0 84E+0
22268E+0 -586E+0
405616642134E-2 8833E+0
-3314085165245695380E-2 -74E+0
354350364E-2 519E-2
33080E-4 4E+0
29543853166400E-4 -64E+0
35720538259E-6 3821E+0
-203680E+0 -3040E-2
-5010656278342E-6 86E+0
-39160751211E-2 -9E+0
-279133036628E-6 -2671E+0
-45789566156828E-6 -754E+0
12118973156185301E-6 -7E+0
2581889578002E-6 38E+0
61695553542491141E+0 -7E+0
751093450E+0 -139E-2
-9962384084851302E-2 -234E-2
-28728975E-2 -5385E+0
-126397665E-4 -135E+0
1252524E+0 -8029E-2
-777139285831480E-2 26E+0
-488884533184E-2 976E+0
-630E+0 -9E+0
118991700E+0 -60E+0
-1859967E-4 -9E+0
25277940645E-2 9435E+0
-2887248E-4 -546E-2
-129438E-2 459E-2
659101272E+0 -9748E-2
1639263561015837792E-6 -3408E+0
-511382175639426E-4 -546E+0
-1995414657942922707E-4 -43E+0
-5577960E-4 -1E+0
228688195552000E-6 -1E+0
4919043467E+0 -13E+0
336631272187E-6 23E+0
-1515007332E-6 318E-2
-3147089175679344E-4 456E+0
-5195599E-6 -6313E-2
153389531283628E-2 4E+0
4147300540401277140E-4 756E+0
-499364460E-6 5130E+0
-65991821198654E-2 -706E-2
-2097892690688375E-2 -3187E-2
-187599926943782E-4 -2E+0
-2197206932E+0 524E-2
60702820631166E-6 6E+0
-391259159936E+0 -5483E+0
-1285E-2 -257E+0
-39456530302614E-2 6E+0
-24903629845903133E+0 13E+0
-43175E+0 -785E-2
-7490905962525922E-6 3034E+0
4371794824621180E-2 1790E+0
-94541432096437521E-6 -5223E+0
-25448568320E-2 5E+0
132704E-4 754E-2
-6E+0 1E+0
95970708696E-6 24E+0
-9635541932708E-6 38E+0
64950508584E-2 9E+0
141923769720E+0 -20E+0
-1554504E-6 56E+0
1463808524808517988E-4 2E+0
1857150055212E+0 -19E+0
-5525951168E-4 -64E+0
458879265895E+0 7481E+0
-87851155E-6 -95E+0
15989E-4 -1E+0
6017740374818238350E-2 610E+0
67109120E-2 2180E-2
-125342400E-4 800E+0
-46800E+0 -400E+0
-682022762E-6 -901E+0
25370773038532550E-6 775E-2
74819422971695160E-2 -36E+0
1217585040E-2 -30E+0
-367070E+0 -7810E-2
-25655082512E-6 548E+0
7239985644602621840E-6 -92E+0
-21096E-2 879E+0
-68083008E+0 -8E+0
3102E+0 -3E+0
-240E+0 8E+0
2646E-2 -54E+0
586518989014E-4 -98E+0
-30671638737084E-4 36E+0
-1706705449970435040E+0 240E+0
89188596E-2 -9741E+0
2680E+0 5E+0
6E+0 1E+0
-66819787576E-2 -94E+0
-223393E+0 127E+0
256792274982234950E-6 761E-2
172073197905E-6 3E+0
-12532493170228521E-6 21E+0
2679256922504790685E-6 295E-2
-300832E+0 476E-2
-334591547170E-2 8390E+0
5172696564E-2 6E+0
-3591864779490E-6 3705E+0
1396552698732962472E+0 -4584E+0
-3332836E-6 -428E-2
-571264166146E-6 67E+0
18E+0 3E+0
5498689232E-4 -878E-2
-4252438849666283199E-4 -7E+0
-479737064E-6 82E+0
4055834608402676E-6 -8041E+0
-27989367840E+0 -70E+0
-282348E-2 3036E+0
6129517488197E-4 -2263E+0
-1847714248928784625E+0 -25E+0
-32800950620E+0 -353E+0
-13728E+0 1716E-2
-5343E-2 -1E+0
-7198777520E+0 44E+0
1550563256E-6 -3608E-2
9027E+0 -17E+0
29498530026888E-4 -3E+0
227372752522653E-2 23E+0
204636440652E-4 58E+0
17632E-4 -8E+0
-990E+0 -10E+0
-40100E+0 5E+0
-16620553345050E-2 5E+0
-354492E-2 9E+0
-864E+0 -3E+0
-14726182583353050E-2 9066E-2
6141534273048E+0 -8E+0
-2467513170720E-2 288E+0
5595529857954723E-4 -9E+0
-2397658424E-2 -28E+0
-22640345182E-2 -6202E-2
8E+0 -2E+0
-3315158690988E-2 -34E+0
-3437298E-2 478E+0
-56830117025E-2 6677E-2
5408254118750208E-6 -5412E+0
-283526E-4 4573E+0
-725059973160E-2 -8E+0
-450116046961182E-6 -189E+0
-444677556E+0 7356E-2
-42697699539630E-6 -5E+0
2318949254544E-2 4E+0
1927138687431442512E-6 -1992E+0
-51643048821903540E-6 654E+0
835059512322E+0 -426E-2
45583E+0 -79E+0
-411056060563895461E+0 -6821E-2
-1112528115838E-4 -2798E-2
-56383144658E-6 31E+0
-732155246E-6 2E+0
22887246060E+0 -315E+0
486192136015390E+0 -1666E+0
-22200E-4 300E+0
28728170943599709E-4 -7677E-2
218038991106810E-4 -5205E+0
-441E-2 63E+0
-6492604374179191384E-4 -844E+0
-2774052068339E-6 -23E+0
-2771185566602528760E-6 -2811E-2
907346315916E-2 -948E-2
-27757796272901682E+0 4481E+0
270626340E+0 60E+0
-356129257210353E-4 -1E+0
-51E+0 3E+0
-7566E+0 78E+0
5501573E-2 7E+0
232789359E-4 -7381E-2
-639312601136239849E+0 91E+0
-16746103716353766E-6 498E-2
244835637700E-4 4E+0
25236263966E+0 -743E-2
-2296537455644808336E-4 -48E+0
447152482E+0 -6454E-2
3074371361887833524E+0 -44E+0
-1180525320E+0 940E-2
-17961216E-6 96E+0
-744519444169598853E+0 3E+0
775037321895E-4 9417E+0
44601121228104E+0 4956E-2
17808E-2 -4E+0
-3457661775E-2 -75E+0
-21231369E-6 4393E+0
-15264E+0 -318E+0
343255E-4 79E+0
25124978E-6 -3902E+0
-23006486366160E-6 -2783E-2
-21107580E-4 60E+0
-196166247E+0 -3E+0
-479083449E-2 5837E+0
-612E-2 6E+0
33501351E+0 -39E+0
1598268E-2 -2513E-2
68725853207454760E-4 -8E+0
5930568E-4 -1681E+0
-578100928165510320E-4 -45E+0
1678E-2 -839E-2
57347172162280E-2 910E-2
-22173670098E-2 -2529E+0
8269038221584E-6 8E+0
-37076460E-4 -6E+0
8154646301211E+0 1E+0
4322277E-4 7873E+0
39852E-4 41E+0
-582964E-2 -68E+0
352098199946E-6 2E+0
18540452961E+0 27E+0
-184E+0 23E+0
577107645915760340E-6 -85E+0
58537541E-2 -827E-2
-10974830499366953E+0 67E+0
94351632401453E-2 -2749E+0
11530864316678075E-6 25E+0
178507909083480E-2 -3804E-2
27742404960E+0 -5E+0
-1774864E-4 2438E+0
36663976434E-4 -183E-2
84225369666E-6 4119E-2
183E+0 -61E+0
-264394684472052320E-6 -40E+0
850123910277859896E-4 4E+0
-193396024E-6 8E+0
-4710060801174628596E-6 -6E+0
-196695384744514760E-2 37E+0
-4960936596042E+0 906E+0
716610847095E+0 1815E+0
-35358327193200E-2 -850E+0
5147760E-6 723E+0
-1516718460065890904E-6 -8E+0
-5321355248796E+0 6726E-2
19505513856E-6 -12E+0
26098730E-6 7E+0
8188E+0 178E+0
-146462648421105E-2 -3645E-2
-874003728E+0 -282E-2
-709983018404456946E-4 9246E+0
31057052542149291E+0 -93E+0
-236611557048889E-4 1E+0
111429021569094240E-4 220E-2
1067893414098E+0 42E+0
-128E-2 -2E+0
-383180E+0 -805E+0
266729711915565E-4 5E+0
-53866940E-4 6620E+0
8671E-2 8671E-2
7600E+0 -8E+0
3786380E-6 65E+0
-2211933392520E-6 -3988E-2
1309967368120E-4 758E-2
26074874617110E+0 -2673E+0
-9979813665E-4 -45E+0
6265690323827976108E+0 9E+0
245894359E-6 3481E-2
4181889255048843408E-6 496E-2
-41072086E-6 682E-2
-3389406339E-4 583E+0
6515640316766113312E-4 -8E+0
-77342961412800E-4 -800E+0
-86645295576E+0 -1E+0
-11780448505E+0 -2333E-2
-694931938648983E+0 -9E+0
630692579605E-6 -95E+0
6651E-2 739E+0
517987107073394E-2 7E+0
689700002475828015E-4 -7E+0
1005E+0 15E+0
-17236798856375852E-6 -377E-2
38576520E+0 1242E-2
-36722903E-2 49E+0
637355680E+0 80E+0
-18E+0 -2E+0
136226829384834E-2 -3E+0
141246E+0 -3363E-2
-428838659929E-4 47E+0
-767640096E-2 282E-2
-1234240696E-2 1612E+0
180386E+0 893E-2
-585400452E+0 98E+0
-181355739E+0 -849E+0
297134249941509680E-6 -595E-2
5616E-2 702E+0
1346640E-6 -2896E-2
-5268379134E+0 -6E+0
-4109462E-4 1022E+0
575892942207E-4 6791E-2
26336600E-4 -925E-2
-21412505684E-4 23E+0
-4620E-2 70E+0
-97009383260020E-4 -35E+0
-78759835E-2 -9121E-2
3477068438E-2 589E+0
66455782478274E-6 42E+0
21105E-4 315E-2
-2911445E+0 5E+0
-495787650E-4 -775E-2
38456E+0 -836E+0
4859493980E-6 9764E+0
129084E-4 -2082E-2
944E-2 -118E-2
56190600729921204E-2 972E+0
12100590289657E+0 2449E+0
-34923487129E-2 -41E+0
614003444336E+0 6224E+0
122216508E-6 18E+0
3750691210E-4 7165E-2
2072E-2 259E-2
1717544E-6 -173E+0
-1529676028E+0 -3503E-2
5797058640438312E-6 -69E+0
-1670166040752E-4 -4E+0
9863424595E-6 -173E+0
144585E-4 -765E-2
278365913021551277E-6 -37E+0
167208384E-4 -4116E-2
-10950E-4 -2E+0
-49902285E-4 -2593E+0
-4238402744E+0 -596E+0
-3034340423721256E-2 4E+0
-3818185755419973488E-6 73E+0
391755E-2 -455E-2
-8684570128978740E-2 74E+0
-3953288141760190784E+0 5344E+0
-938E-2 14E+0
-47803815E+0 -333E+0
-37920E+0 -48E+0
160760340630E-2 -5718E+0
469044E-2 9E+0
-89247139752E+0 276E-2
-371231256618614322E-4 63E+0
8276741278E-2 8398E+0
-2778906E-4 -78E+0
-4719E+0 -39E+0
-145897891832E+0 2E+0
-91953E+0 17E+0
681120E-4 645E-2
8766774E+0 -9E+0
-5071977584595E-6 1355E+0
-641775624E+0 -7544E+0
-3E+0 -3E+0
-136040E+0 40E+0
66E+0 6E+0
2966485949358995E+0 -35E+0
-61472E-2 -7684E+0
-464317241341475E-6 5E+0
-6047627402240E-4 -80E+0
21726E-4 2E+0
-25499117266386755E-2 -5E+0
31291366240E+0 -40E+0
64936321420E-6 -188E+0
-25857E+0 -8619E-2
468524022512E+0 -959E-2
-48E+0 -8E+0
1614210123798486E+0 18E+0
-227538395E+0 4997E-2
-4626718E-4 -58E+0
-67271213201231E-2 8641E+0
-100E-2 4E+0
28718812612924E-2 482E+0
5014627290393E-4 -1E+0
-86989497280E-2 -3616E-2
51639968663782300E-2 -8108E+0
28970818298E-6 -317E+0
-1204082635E+0 -1715E-2
8566272E-4 2704E-2
-333384E-4 958E-2
-455E-2 -91E+0
-1944E+0 243E+0
153690E-2 218E-2
14236960104E+0 6684E+0
445236486E+0 -453E-2
-2210632973670118536E-4 -462E-2
432022944E-6 -496E+0
455482547988225966E+0 9731E-2
-379561153487454E-2 -9E+0
378E+0 54E+0
-396E-2 -44E+0
-62152944E-6 679E-2
4055053955461404974E+0 991E+0
-157228426E-2 -2E+0
-66218922694852832E-6 752E+0
-126591644408618340E-6 18E+0
35590021207380E-4 5E+0
-996512849184180E-6 -30E+0
2635695656E-2 38E+0
52494534E-4 -6E+0
4884E-2 2442E-2
832549184091E-6 -9E+0
153303479990884E-2 4E+0
41738351396274E-2 -6E+0
31045725955043718E-4 -6E+0
9580E+0 -2395E-2
928567567347354E-2 -99E+0
2291363E-4 569E-2
-51905832051294E+0 2E+0
-2359420E-4 2660E+0
380555714363472E+0 848E-2
-1393337901798E-2 2502E-2
-80731308E-2 -28E+0
94663668642592E+0 -1052E+0
-146091248739382716E-2 -8028E-2
21241766E-6 -26E+0
-2595306196656E-2 4077E+0
2333906842842E-6 -9E+0
-137283315782359247E-4 -3077E-2
-14134137948E-2 63E+0
347271600E-6 -600E-2
18E+0 -3E+0
-2862850281380E-2 29E+0
-648621099508E-6 68E+0
-1526336679032480E-6 1568E-2
172000E+0 25E+0
-24675612066E-2 9E+0
5221066655586960E+0 -885E-2
410996365083375E+0 9965E+0
-27065268915370020E-6 -685E-2
78065518924188E-2 -6E+0
-290133540254550E-2 15E+0
5179798E-6 34E+0
-8631304E-2 -946E-2
13642951905644E+0 674E-2
57052230E+0 -6E+0
-4582526650759134E+0 77E+0
4270748958E-4 -21E+0
-5373508722E+0 6E+0
68898485921968E-6 -8E+0
-53208010809470E-4 -638E+0
395832147198912466E-2 7E+0
-24463286712640E-4 43E+0
6101955320154510930E-2 7170E+0
945840700E+0 9940E-2
-83209819100E-6 -9820E-2
4979269728937E+0 7427E-2
17445074E-4 4003E-2
434559268172824552E-2 -7316E-2
32310812E+0 -1E+0
37621997243948E+0 -52E+0
-2321612E-6 2491E-2
-54678714438E-4 6758E-2
497228543229E-4 653E-2
-372167890715356610E-6 -7706E-2
-16291087E-2 -3233E-2
-385E-2 -77E+0
-519018554E-6 -62E+0
34131264273936E-6 -516E+0
-1383974442078240E-6 -8490E+0
1210685997351692926E-6 -122E-2
-258E+0 43E+0
-27274691507625E-4 -9E+0
5000477510E+0 70E+0
329317614579E-2 799E-2
-2935E+0 5E+0
41839830078895944E+0 9E+0
-106288E-4 -28E+0
-7174200548685942E+0 927E+0
-442596E+0 5748E-2
245716898054108E-4 3671E-2
21476922480E-4 -468E-2
-141390420568051516E+0 2E+0
-2019989729680E-6 80E+0
59703666E+0 -1E+0
6420358E+0 7222E-2
-4878E-2 -542E+0
771734E-4 9298E-2
1589811E-2 -199E-2
2555168E-2 616E-2
3583276588264E+0 8E+0
419E-2 1E+0
-923E+0 -1E+0
216E+0 -6E+0
3557110606236184E-2 536E+0
-24E+0 -8E+0
-32718980E+0 -9076E+0
-10417137016E+0 2E+0
4899642190E+0 2E+0
-2341490875671325E+0 5E+0
2098836196026E-4 6E+0
-224070310455688E+0 698E+0
-334645377990351160E-2 -40E+0
-13673647888788160E-4 520E+0
4428637017265485E+0 5E+0
2316792E-6 -5218E-2
5490315823209145263E-4 9E+0
64097109680098E+0 811E+0
-39E+0 -3E+0
1389575E-4 -1793E+0
222724722318E+0 7E+0
62043291224E-4 -134E-2
2237231798E-4 -1874E-2
57734538519943502E-4 -74E+0
79798005E-2 57E+0
-10E+0 -2E+0
-2134394E-6 -3902E-2
-2656552021872648546E-2 -7922E+0
-809397036E-2 -729E+0
-8839899E-6 1E+0
596834E+0 -7E+0
24142040883391383E-6 -27E+0
29482956E-2 -9E+0
-996834E-4 -309E+0
118749E-4 23E+0
-931975030458E-2 -2406E-2
106359807568327200E-6 -15E+0
-412E+0 -4E+0
-646792376016E-4 -879E+0
-353964249333415272E-2 4E+0
47002802E-4 154E+0
-310539409979888342E+0 5701E-2
-2913624E-2 3854E+0
-24574200468E+0 -3026E+0
-1851897E+0 -3E+0
-11227709333294E+0 2E+0
-78194541E+0 1E+0
-73051875E+0 8125E+0
15070460785038875E+0 25E+0
8068171564E-2 -92E+0
-793771196489407E-2 97E+0
-2306123068231958850E-4 -4775E-2
-904E-2 -8E+0
413748000E-2 4050E+0
2121361304692E-6 14E+0
-337278858514E-6 2E+0
-6133177872E-2 8154E+0
-1613559117278118296E-2 494E-2
236383326489197430E-2 -435E+0
133641573816751E-4 -91E+0
6769E-2 967E-2
-45862E+0 -46E+0
-67842277531120E+0 31E+0
541429957811669400E+0 -150E-2
-5360E-2 8E+0
-4367625893E+0 -19E+0
340871868E-6 -6694E+0
-56E+0 7E+0
1679017620240E-6 30E+0
1748093917E-4 -9631E-2
-422088722789556E-2 6269E+0
-37893828E-4 266E+0
942257166666849E-4 -99E+0
-210532072152E-2 -4E+0
-2976089641320364E+0 -8783E-2
-107227867016E-6 4E+0
39403278841434E-6 6E+0
-642931176E+0 1E+0
-5031048274011E-2 -771E-2
-1700E+0 340E-2
-1903277730103938096E-2 3048E+0
-73162012E+0 -812E+0
-98329440127871580E+0 2E+0
-13524E-2 -92E+0
-13345317514916644E-4 6389E+0
-35411840297162050E+0 730E-2
15421228005049344E+0 -768E-2
-1840265061900E-2 -212E+0
19044066E-4 53E+0
298048413712E+0 5062E-2
-873792E-4 9102E+0
890637628427E+0 23E+0
3920798627820E-6 5E+0
-2188192E-2 -488E+0
-653113039775E-6 25E+0
-1640934585E-4 -2045E+0
46725635E+0 -55E+0
-22695257629792E-6 31E+0
677109878E+0 -38E+0
20766750906E+0 6E+0
340023885E-6 -7367E-2
21869820E-2 -6E+0
162960629994E-4 6E+0
-156630215E-2 49E+0
-1236870049879156E-6 -28E+0
-23049736009736160E+0 3296E+0
-31218985450499E-2 847E+0
-687031389E-6 -891E-2
326117160E-6 -43E+0
5903093879449895E-2 -685E-2
-77290202E+0 1E+0
6281213325E+0 779E-2
-26888670E-4 -30E+0
-4880E+0 -61E+0
609050925E-6 75E+0
-3113513E-2 37E+0
-260869590E+0 510E-2
-5085864656402106E-4 3E+0
-173892E-2 2022E-2
-2703865857E-4 -77E+0
-413273805516E-2 636E+0
-3121895725775120E-4 56E+0
-864053875536445581E-4 -1707E-2
-2902035859940374E+0 38E+0
-79740799240936E-4 8E+0
25980862162E-4 3958E+0
4685144608E-4 16E+0
4620E-2 924E+0
6726E-2 354E+0
-62566E+0 763E+0
117888177E-6 5027E+0
-2436E-2 -42E+0
-3E+0 -3E+0
-557974823417244000E-2 -9E+0
23135791220553E-6 7337E+0
72609582E-6 89E+0
-849255268696E-2 856E+0
-62484394E+0 3226E-2
148244185147558136E-2 -7E+0
196411473522912E-4 -32E+0
44957620784E-4 -9349E+0
-29184E-2 912E-2
-32150433689802E+0 -1451E+0
17110344E-2 3336E+0
398733865465460E-2 -8729E+0
49159040E+0 70E+0
434665716977293188E-4 -69E+0
-36031532706190894E-6 83E+0
-6764174559931096E-2 98E+0
700970982E+0 -1158E+0
-2429010198513788272E-2 -6544E-2
19782506030E+0 397E+0
103786396E-4 2E+0
-29424E-4 -8E+0
-16224E-2 -5408E-2
124958E-2 -2E+0
-1527523134956E+0 -2E+0
60099E-2 -69E+0
-37730587719918E-6 -4666E+0
710E+0 2E+0
211639117128224700E+0 -4E+0
-559787800E+0 -5720E+0
2061201800814E+0 -39E+0
-20513841192E-2 12E+0
-246730E+0 -55E+0
-285E+0 3E+0
640630460E-6 4E+0
-737670E-2 -734E+0
-873361730783527989E-2 89E+0
-175522026E+0 3E+0
-2071408E-6 -74E+0
-4498933179E-4 701E+0
449563117296E-6 -822E-2
77550704E+0 836E+0
2507987286445411563E-6 559E-2
-76345993704582E-6 -874E-2
433599450652533E-2 69E+0
-779512466670424072E-6 -8E+0
-3920E+0 -7E+0
-650927235E-2 -7E+0
23775E-2 -75E+0
-159197532E-2 481E-2
1891422003E-4 457E+0
-3E+0 3E+0
46404295347414645E-6 95E+0
385998579754307464E-2 8E+0
66E+0 66E+0
310407E-4 -321E-2
-8444880E-2 9510E-2
-3358040233964199E-4 7E+0
468495625E-4 -625E+0
1951496670891963446E-4 2E+0
-58795321E-2 659E-2
1127724316819411784E+0 -44E+0
5945562E+0 -9E+0
290430E-4 4610E+0
-24939274504E+0 3323E-2
-6009984E-6 2538E+0
-270180E-4 -30E+0
-65106299846588580E+0 -90E+0
402530767396592E+0 -908E-2
-54636338719366E-4 -2477E-2
9542326877E-2 -1E+0
47123351E-4 7271E-2
-7912E+0 -989E-2
9490614E-4 -21E+0
2077538502300E-2 -9795E-2
-348049225015570830E+0 -5E+0
1338784E-6 -391E+0
-8177382045E-4 -889E-2
40587E+0 83E+0
3712405994384837E-6 67E+0
-10496898E-2 9E+0
-3266E-2 2E+0
-301468477660821E-6 81E+0
27063132735E-6 59E+0
-10440818969068300E-6 5E+0
-5396E-2 -71E+0
25236E-2 701E-2
-6637763812982723520E-6 -8249E-2
7989478618432E-2 8E+0
-32829944E-2 -626E+0
-53123E-2 7E+0
2266221243E+0 13E+0
-118272298747156E+0 -2806E+0
-302225224457628E-4 7734E+0
3665081313485621230E-6 -5E+0
-437791E+0 89E+0
518923286565E+0 5515E+0
-26811E-2 -9E+0
-70884E-2 -9E+0
-208863806096E-2 -4E+0
2672E+0 -8E+0
-431694E+0 -827E-2
-499600E+0 9992E-2
-561680E+0 -295E-2
-117513408072901536E+0 186E-2
20592E+0 -8E+0
98391830554286808E-6 924E-2
2120707285929330E-4 49E+0
450600E+0 -75E+0
-55002925E-4 25E+0
-752406E+0 4227E+0
-3485E-2 -5E+0
34845952E-4 6892E+0
-7036215440E-4 83E+0
39923208E-2 -72E+0
-1871457E+0 -9219E+0
-618376E-2 88E+0
4711119598080E-2 9408E+0
18240E-4 96E+0
-359563619486259720E-4 9E+0
213172624024884014E-2 -2687E-2
2506E-2 -358E-2
-569615148919368E-6 18E+0
323770109640E-2 -8180E+0
-980163135741174E-6 -1E+0
7891442642625E-4 1487E-2
-638592E-2 -64E+0
-637519063296E-2 8E+0
720040805733090E-4 -7890E-2
2335531E+0 881E-2
-412468440130013065E-6 5E+0
-998068E+0 1E+0
9483025272E+0 98E+0
5079564951450E-6 -55E+0
-1360126176E+0 -2E+0
45132484658E-2 1E+0
-1734716541636E-6 -2691E+0
-1150E+0 25E+0
-1413470E-2 2E+0
9803671282508592E-4 388E+0
-1288E+0 7E+0
-418348E-4 469E+0
-900955733355E-6 -15E+0
-135864E-2 216E+0
-38100E-4 6350E+0
-35084694986E-2 -418E+0
-4447296E-2 -56E+0
471080E+0 -8E+0
-28427746E+0 -859E+0
205594103960000E+0 5450E+0
1366357495855579374E-4 213E+0
-585848725E-2 5621E+0
-353220E-4 4060E-2
-59641592612E-2 7E+0
49657012585E-6 5E+0
-8997861726475879595E+0 943E-2
-205831996368E+0 -97E+0
47920636E-6 -3854E+0
-78628264E+0 -884E-2
-987837031986546E-2 2774E-2
4914682199182057878E+0 -9E+0
-5060631746296E-6 9107E-2
28E+0 7E+0
220487E-4 -29E+0
511742879780E+0 -85E+0
-57303681839E-4 -73E+0
-2938768E-2 -5524E+0
7222E-2 -157E-2
-2333552496E-2 8E+0
-8123024E+0 52E+0
144E+0 -72E+0
-51985137086661555E+0 9E+0
2677179878E-2 -1E+0
-33591040E+0 -5216E-2
-812311425E-4 9E+0
-26283971114674E-6 91E+0
35210E+0 -70E+0
-38671010E-2 -70E+0
-15028468392E-2 -21E+0
-603209408E-4 64E+0
122148792E-2 -36E+0
-17292048E-2 62E+0
-7199050759820235E-6 9E+0
590829329255402925E-6 -925E-2
-127551920E-2 -2120E-2
-235885734985524E-6 -6E+0
713358E-4 -1E+0
54577295560E-2 -890E-2
121831721323494E+0 91E+0
-1509948884000E-2 20E+0
7586135264E-6 2E+0
-66367449925305020E-2 2435E-2
33831E+0 537E-2
5837080111E-6 -53E+0
279458599470791708E+0 473E+0
2400979712016E-4 444E+0
-99E+0 1E+0
219253804E-2 -116E-2
-29310E-2 -977E+0
-15085340259313878E-6 6543E-2
-69727951937788659E+0 9E+0
-4867495743960E-6 5E+0
51060603E-2 573E+0
51870E-2 78E+0
-5192748E-2 -891E-2
-2179551575997734E-6 38E+0
281745993550910E-6 -7E+0
9646298146E+0 -758E+0
12145E-4 7E+0
-23766715461436856E-6 4E+0
63E+0 -9E+0
142067565237E+0 7709E-2
-68E+0 2E+0
243367252392E-2 -43E+0
140E-2 5E+0
25954E-2 683E+0
-21659091403230E-2 2295E+0
4031582234788150E-4 -70E+0
13619341402954E+0 7E+0
198E-2 -2E+0
-517310573139E+0 -61E+0
-4757926116805E-4 5E+0
45750473249535E-4 -849E-2
-139442675E-2 -575E+0
98938798447613554E-4 -1E+0
-496794117E-6 6079E-2
466455536140E-6 -580E+0
2838E-2 -3E+0
2123246397E-2 29E+0
-4162746E-2 6E+0
286462430263068E-2 -292E-2
25390129729742466E-2 5694E+0
1339611804E-2 186E-2
2200422167E-4 -437E+0
-9536950196641E-4 -7E+0
305159422605731200E-4 -325E+0
-17579695623E-2 4431E-2
-542030115199752301E-4 3041E-2
-606830539854E-6 987E+0
-3886E-2 -67E+0
-1337300749160044875E+0 -43E+0
42539E+0 -59E+0
80227822224E-2 3E+0
-403247531232E-6 -416E+0
40755091678540576E+0 -83E+0
-26661E+0 -8887E+0
88723391E+0 -17E+0
2713855010336E-6 8E+0
379199525E-2 -8915E-2
-552740274814222428E+0 1212E+0
268000E-2 50E+0
-110855593043335E-2 35E+0
96384520491E-2 5901E-2
1454502307228E-2 -2E+0
-81107299873572804E-4 -36E+0
451696220567E-2 7697E-2
-2515870050E+0 -314E+0
276373519119378205E-4 35E+0
-3978E-2 -51E+0
190500E-4 -3810E+0
292281E-2 5731E-2
359733E-4 363E-2
99644240E+0 8E+0
-196436537320E-2 -3986E-2
206472875960937660E-2 3E+0
-489630E-4 8590E-2
434940E-4 -659E-2
2440189128E-4 -984E+0
268414089672E-6 -8E+0
1983674412779187608E-4 4E+0
125071100E-6 3073E-2
168502209963025E-2 -985E-2
3471589016880E-2 -408E+0
-29406486590E-4 -6130E-2
-202502370618909E-2 4281E-2
46552845E-6 6845E-2
-26189591925640E-4 935E-2
-15571523355360E-4 -340E+0
454509734239E-6 -73E+0
158172486352320E-6 852E-2
64093903684102E+0 118E-2
-504E+0 -7E+0
-318792E-4 1E+0
-2739724355186630295E-4 7185E+0
757421504709E+0 1929E-2
-293040E-2 6E+0
-56245211616E-6 -664E-2
-576E+0 8E+0
-2655405934345536460E-2 4754E-2
-1565305494881299E-4 -391E-2
-1842544180972208310E+0 662E-2
12754023E+0 6317E-2
18535188993516E-2 3617E-2
72222E+0 3E+0
-71497384090770E+0 759E-2
-256E-2 8E+0
-217518771303941902E-6 2998E+0
-668455382358E+0 8802E-2
-259284E-2 -3813E-2
3246766065408E-6 472E-2
-73663977274322580E-4 772E+0
4015378722677E+0 707E+0
316548E-4 9E+0
6360E+0 -106E+0
21356095E-6 -95E+0
-65415168E-6 -1521E+0
-4983221628E+0 9E+0
13867633487628800E-6 2E+0
23249135E-2 65E+0
-599119248E+0 -741E-2
-916615248E-4 -4E+0
-101189E-4 -11E+0
-36177376573299048E-2 -68E+0
-6444062712789300E-4 -75E+0
71102361973920E-6 2424E+0
9089453278E-2 271E+0
93243557077E-6 -11E+0
552922986E-4 -3E+0
96319158080482480E-4 440E+0
6497480E-4 -8E+0
218879130E-2 278E+0
-1698E-2 -283E+0
12474E-4 63E+0
-11774711470773E-4 41E+0
-418572696E-2 712E+0
684328322E-6 -8458E-2
-333666514320E-6 -659E-2
-531780E+0 -8863E+0
-310059E-4 -9E+0
199958885302E-2 22E+0
-5313852155041509E-4 -3E+0
163352E-4 -2E+0
1503004834970644E-6 2E+0
64942430E-6 70E+0
-719549905756736E+0 -8E+0
28E+0 -4E+0
-11046786E-4 129E-2
-8956779550974E+0 2E+0
-84522550563417E-4 -9921E+0
-46131486525E+0 3E+0
-1583839367E+0 -251E-2
-1100403154124559449E-4 -19E+0
2325150116592E+0 -12E+0
1524231822E+0 -6E+0
-918588191236627276E-4 1436E-2
-2538509770832741064E-4 54E+0
494E+0 1E+0
-1283233715543316992E-6 -658E-2
-163406412300E+0 -417E+0
154480888746053275E-6 5E+0
775553234947684891E-2 -1E+0
-24E+0 -6E+0
96E+0 24E+0
-792096E-4 8251E-2
4917107E+0 13E+0
72846306E-2 -7527E+0
-341442E-2 9E+0
-1996679154E+0 -3169E-2
2469549301986775E-6 25E+0
737622922E+0 89E+0
-33780E-2 -4E+0
785706538429494693E-4 99E+0
-1900E+0 100E+0
55170344E-6 -8E+0
-7744E-2 7744E-2
2006570484E-6 -83E+0
-50265720874404E+0 -84E+0
261987763017860E-4 -9020E-2
-12E+0 3E+0
-10544459870389E+0 7621E+0
-3441180E-6 60E+0
-572814E-2 726E-2
158048E+0 -2E+0
-12724E-4 -4E+0
328914497790E-2 45E+0
3489926111E-6 7E+0
-3536E-2 68E+0
-26169851100255054E-2 6E+0
-120393373639847E-2 -847E+0
27910476E-2 44E+0
-33221925E-2 -775E+0
-190799415E-6 -45E+0
-7003359564364E-4 -268E+0
-48314E-2 6902E-2
-531437297E-4 83E+0
17695744135528984E-4 -2737E+0
3675827165853227608E-4 -607E+0
-6217671846535782416E-4 -8E+0
776E+0 -97E+0
-9574952690157300995E-6 971E+0
-51994741751078E-2 707E+0
-110378696940E-6 -1886E-2
-8106713315034E-2 -141E+0
787871705443860411E-2 99E+0
-1236766749264E-2 249E+0
63574490E+0 70E+0
2793058815330911099E+0 -7507E+0
347012445613040E+0 -635E+0
254187696345134508E-2 -524E+0
271893E-4 -1E+0
-49000164E-2 -6E+0
2694411914400000E-2 40E+0
-44426032E-2 8E+0
25836888136878E+0 -5881E-2
135128021374774E-2 -7102E-2
89367968132228E+0 -92E+0
33494748565839975E-4 -75E+0
2858408672532E-2 93E+0
262961978356E-4 133E+0
439389654675E+0 75E+0
16332693327719646E-2 437E+0
-9327E+0 3E+0
1197233766421379115E-4 165E+0
-3080151353036474640E+0 462E-2
-99339093360E-6 6035E-2
20269348E-6 -4E+0
-8572509E-2 4323E-2
21154393894041296E-6 -541E-2
-1201928173391820E-2 -142E+0
351469907551E+0 -7E+0
3388120484604E-6 -906E-2
-842114961362845E+0 5E+0
-122162667919822898E-2 -23E+0
11326890178860E-2 15E+0
15580E+0 -3895E+0
384E-2 -64E+0
30040704E-2 -1152E+0
-536079515807961E+0 -599E+0
2318440698566393688E-6 27E+0
3088539053015852289E-6 -57E+0
-421667612922E-4 6E+0
1101514712019578718E+0 167E-2
-44821850043733E-6 -553E-2
-218478807027E-6 -5031E-2
-5651734163091535E-2 -745E-2
-157073094164608E-6 -64E+0
-599841550E-6 4939E-2
-20645079879E-6 3E+0
223272E-4 886E+0
2898111E-6 339E+0
941743121E-6 11E+0
4830E-2 5E+0
-54280997903749042E-2 823E-2
101248E+0 -3616E+0
6698451532417272472E+0 8632E+0
56338275E-4 -9429E-2
-9744E+0 -2436E+0
2659020E-4 -455E-2
-568244320E-4 8E+0
51463872119E+0 1E+0
-270776605985212E-4 -788E-2
3510E+0 -39E+0
-423927768155190E-2 -3635E-2
-630942687356973E-6 1E+0
-493928871315516E-6 6188E+0
200934E-2 549E+0
1835910044E-4 -482E-2
122099176353900E-4 -3018E-2
4151945495998603905E-4 -87E+0
100631313509422500E+0 14E+0
156583750E-4 3470E-2
3229134957416590E-2 -2E+0
394703642714625E+0 -675E+0
-175501422572E-2 -509E+0
-3246809260228E-2 62E+0
91E+0 1E+0
9212752332914304E-6 -6E+0
15989227740434E+0 -2294E+0
-315810E-2 -726E+0
87244142784E+0 96E+0
-529695E-2 745E+0
-46103272501E-2 4999E+0
1047707716794E-4 -269E+0
-5786557984034698E-6 -9347E+0
404360120722946269E-4 1E+0
8702565E+0 915E-2
2646545046E+0 4162E-2
-81126122E-2 7E+0
-2587016289E-6 -4953E+0
-64390345507734312E-6 -776E+0
-6190530969342434538E-4 -6726E-2
-224055022686E-2 -6E+0
565727431702312360E-4 8840E+0
8198595685E-2 97E+0
13226990363660E-2 2E+0
2750775E-6 15E+0
-187000E-4 -2E+0
-112380900845345342E+0 -7E+0
-2640E-2 80E+0
-487383768875024E-4 7E+0
7103230322015878300E-6 -9010E+0
-1557853497177E-6 9237E-2
180088818360E-6 -88E+0
-221706E-2 -327E-2
-30240E-4 54E+0
-12453E-2 4151E+0
56E+0 7E+0
-31440E-2 -80E+0
-1210190469209638E+0 2E+0
-474E+0 -6E+0
-16650E-2 5550E-2
-159397360218E-6 18E+0
-198128611811289E+0 -3E+0
-242793E-2 1527E-2
3886566026E+0 7E+0
11407614440940E-6 -60E+0
-567209226784E-6 -146E-2
2407915930810650608E-4 716E-2
-381932160E+0 670E+0
309127E+0 13E+0
-296E+0 74E+0
35856E-4 8E+0
-4049752648970E-4 -1553E-2
40226082E-6 78E+0
-2075310E-2 5E+0
35E+0 -5E+0
1798816068E-4 -6412E-2
9049570110756E-4 8246E+0
328505859370E-4 3302E+0
-7948869929E-2 2387E+0
-1667245164745038E-2 -23E+0
-16803836066561110E+0 -2890E+0
-321997329232279710E-4 10E+0
25366466551860E-2 -5156E+0
18525E+0 -741E-2
-433916414822745296E+0 -962E+0
-211680E-4 -80E+0
26812520E-6 4E+0
3037014E-2 -729E+0
14869156340E-6 10E+0
-194599067540E-4 -20E+0
-384617648792412E-2 6139E+0
-796876919475E-2 -9275E+0
-70821898026975E-4 9E+0
621E-2 9E+0
-60096E-4 7512E-2
-49760111956230E-2 9945E-2
1351680648416E+0 -56E+0
3915E+0 -783E+0
1810023498387980928E-6 -1908E+0
48905418E-2 6E+0
2465304E+0 8E+0
4259300719398E-4 6E+0
-8844170780353135E+0 -95E+0
90210391887E-2 -177E-2
170588376E+0 -3512E-2
-127864924405401468E-6 6E+0
6197517974725986E-4 -282E-2
-2631144E-4 -444E+0
-14760E-4 1640E+0
-299313576E-6 967E-2
-32535036740832E-4 402E+0
-988192539735682149E-4 -99E+0
222481675664544595E+0 -65E+0
-80138520E-4 -924E+0
-116674580538E-4 9E+0
-65647655E-4 955E+0
347220E+0 -9E+0
402853428E-4 -6E+0
112708765746E+0 -9E+0
-4380988756200E+0 700E+0
-14814784975E+0 475E+0
26110898E-6 659E-2
162461193021E-2 7759E+0
-594705E-4 615E-2
-7248635185557218E-4 -851E-2
620424166370030E+0 11E+0
866520E-4 9960E-2
-100421195792144568E-6 -5192E+0
-48925891175935E-2 685E+0
473453832572E-2 -7E+0
152E+0 76E+0
15162E+0 42E+0
80127409500E-4 -9140E+0
1428E+0 -28E+0
67508257500E-4 83E+0
-246488722688E-2 -416E+0
4107570021568E-2 76E+0
342975518566600E-6 8E+0
57477013340087576E-4 8E+0
3010480464912E+0 6E+0
174E-2 -2E+0
3296328E+0 56E+0
-98907220733592E-4 849E-2
-335E+0 67E+0
677614878718656E-6 944E+0
3066045791090E-6 34E+0
295928E-2 -521E+0
356191035656406E+0 -4562E+0
-473591443E+0 67E+0
4080410726710725E-6 -4755E+0
-53469E+0 5941E-2
6035622068E-2 7658E-2
75405148938210E+0 91E+0
641878498880999E-6 997E+0
-20567559522492E+0 -2094E-2
-4795403309E-6 -61E+0
-5468010156E-2 -5526E-2
-2048559167633335185E+0 -535E-2
-308E-2 77E+0
-4657044E+0 84E+0
-10198501071751003E+0 4367E-2
-5533005E-6 1E+0
634110398795657E-6 -7E+0
-91365614737131880E+0 -5944E+0
-2735686909827E-2 -9E+0
20E+0 -4E+0
-208E+0 -16E+0
3846185835051037632E-6 672E-2
663637724E-4 8434E+0
2332231435E-4 1E+0
-6716E-2 92E+0
-16135940877588E-6 -28E+0
31915334865106E-6 -98E+0
-54080E-2 845E+0
-38441534684E+0 98E+0
16E+0 -8E+0
643528770E-4 -6E+0
338310E-2 6E+0
-437638235269189E-2 709E-2
48705889984271874E-4 -5529E+0
356846227121250E+0 75E+0
1519484539986E-4 -2E+0
-282741556749E-4 713E+0
208E-2 -16E+0
3170037E-2 -1E+0
70590601769636676E-6 -78E+0
-5129247046572E-6 891E-2
-388698E+0 -6E+0
1775145178381576536E+0 36E+0
277410114540E-4 39E+0
-343103488554750E+0 6E+0
-116526991032E+0 4E+0
7484405218077110158E-4 -9697E+0
643879447256707596E+0 66E+0
17118E-2 -8559E+0
-7257E-2 -7257E+0
-4334961977987752E-2 -8E+0
50768709324E-2 3266E+0
238993070E-4 -5E+0
-1559984340053E-4 -17E+0
-510811311654E-4 -6E+0
-40322461206496E-6 7E+0
229081320E-6 30E+0
-464111931327715800E-2 3240E-2
-45E+0 -9E+0
-5411662686E-2 9E+0
1515570428E+0 3163E+0
-1672986960E-4 270E+0
-35705200E-4 80E+0
1269E+0 27E+0
-2270E+0 -10E+0
65703197243149290E+0 153E+0
629950976208727404E-6 44E+0
-47086606545E+0 -51E+0
869085E-4 -89E+0
-216820654972E+0 -2692E-2
584336352E-2 -96E+0
-8036611471687228182E-2 -9E+0
2355517301903360E-2 -32E+0
55773658017130E-4 3530E+0
-374647E-4 4117E-2
-7263E-2 -807E-2
11321089983240E-2 -60E+0
49033578720E-4 -9520E-2
1323040E-6 2E+0
-3284858327E-6 439E-2
13284E-4 2E+0
-1569828347341918482E+0 -7E+0
-5040E+0 56E+0
2535E-2 -39E+0
-350545320E-2 72E+0
-18E+0 -3E+0
-8275554379802115E-4 -9E+0
-937369147176E-2 94E+0
-7614337E-4 -83E+0
-78388649730E-2 9E+0
-1038809870350E+0 -5E+0
-2699273854416246129E-2 -3E+0
69279025E-4 -25E+0
-371696256337E-4 -79E+0
-1478808E-2 423E+0
-48753E+0 9E+0
-427631360E-4 128E+0
-71794462203E+0 -7191E-2
7413958914E-6 -6E+0
4357089759570700E-2 -8546E-2
320378884E-4 -6439E-2
74382E-2 -161E-2
2114711673780E-2 255E-2
472994464E+0 -752E-2
-545913E-2 9E+0
-4149596879769450480E-6 579E-2
3553504247136E+0 444E-2
9193975995812463E-2 981E+0
157680124003644445E-4 7483E+0
49552E-2 -152E+0
-123E+0 -41E+0
56848626627680E-4 568E+0
-411125085371E-6 7E+0
-32946234489699E-6 789E-2
-187288725970800E+0 -90E+0
-731672191906410209E+0 -13E+0
-70226365E-4 -73E+0
-74600756927637960E+0 -8E+0
236548E+0 9098E+0
407430588400E-4 -850E+0
17420E-2 -1340E+0
-55713212598E-2 -8331E-2
-28787929230962E-4 -11E+0
372751240E-6 40E+0
58911477399100794E-6 -4569E+0
2562436141133835374E-2 -646E-2
-300210985783230E+0 9195E-2
-5062545E-2 15E+0
3258225641292E-4 -5244E+0
1378E+0 53E+0
759E+0 23E+0
-469737102907233E-2 -7E+0
-662E+0 -1E+0
-182189379948E-6 -6641E-2
10402358243369960E-6 2716E-2
-4757371662E-4 93E+0
72764635229E-4 13E+0
552E+0 8E+0
54117722064E-6 8368E+0
165478558631E+0 491E+0
-44619195143153024E+0 -842E-2
10444045464835231E-2 73E+0
69314400438941262E-4 -759E-2
-5630236360E-6 70E+0
-158446E+0 698E+0
5206203674151580E-6 53E+0
-112E+0 56E+0
-23695E-2 -1E+0
619830E+0 710E+0
4464468864E-4 72E+0
203919549015E-4 21E+0
-558E+0 6E+0
43524260E-4 -5E+0
25652E-2 -4E+0
72705295880E-6 760E+0
-123464E-2 -23E+0
58425E-4 -615E+0
-3244616687977280E+0 868E+0
4784314320495132E+0 -6758E-2
8108875729739969912E+0 -91E+0
33390E-2 35E+0
41772060E-4 20E+0
-152534697658E+0 2261E+0
-51527781245232E-2 -1E+0
1585874400376E-4 -19E+0
-4225158561850E-6 5E+0
152E+0 19E+0
-3833006904215006760E-6 6744E-2
27030197561535E+0 -567E-2
-55683432473988E-6 6189E+0
269102250E-6 -750E+0
237651E-4 -6423E+0
-67416E-4 6E+0
5822400726282E+0 -1E+0
-83000E-4 -830E+0
-291528082930E-4 -70E+0
-1603116E-2 3E+0
-1505220899E+0 -7E+0
5503868E+0 8314E-2
43374551900663880E-6 -195E-2
125472749880E-2 878E-2
-64324704E-4 -4E+0
7803778982950743E-6 797E+0
-32077840029429E-6 867E-2
-25684052530E+0 -5815E-2
71156544983910E+0 -2235E-2
1155811005420344E-2 14E+0
-568392533E-2 1333E-2
827029472415882950E+0 -1E+0
7407314407E+0 4313E-2
441E-2 9E+0
-7495620582E-4 438E-2
233361E-2 -2881E-2
465622510752E-6 -5208E+0
-478368E+0 72E+0
137356E-4 2986E-2
17496210966050E-6 1850E-2
-16703622E+0 -3757E+0
-21928E+0 -8E+0
-516663528E-2 -5204E+0
-150953051685401576E+0 223E-2
-4433194801605844E-6 67E+0
-2390487309288E+0 -522E+0
-4825207125612E-2 -764E-2
-58815E+0 3E+0
8857813983E-6 -3947E+0
4394040336232259419E-4 929E+0
-216616911368362E-4 1E+0
-943463457678924E-4 -84E+0
627611341887E-4 -67E+0
-1380472346744325254E-2 7E+0
34418080E-2 -356E-2
16371912928770E-2 777E+0
-258439075944E+0 -4E+0
-5422909125E-4 -9813E+0
5183219508476940E+0 -555E+0
-2094204E-6 -2247E-2
517966113E-2 7E+0
1854E+0 -2E+0
8194078222E-4 83E+0
-76027114129468E-2 148E-2
6407176E-2 -4E+0
-114394E-2 -2E+0
-23853401920208E-6 3512E-2
-251932280E-6 58E+0
2143849990E-4 3482E+0
3418960E-2 40E+0
181155E+0 4645E-2
2207052E+0 2428E-2
3146766632E-6 734E-2
-493027722668320316E+0 76E+0
570894E-2 579E+0
-40054488E-4 8E+0
41234409930E-4 -490E+0
-117476699893012920E-6 3660E-2
-3253844214960E-6 -852E-2
13460368521365565E-4 -5E+0
338276042835348194E-2 58E+0
22855E-4 -3265E+0
-20098E-4 -26E+0
-1435426929874080156E+0 -228E+0
-389673958795318680E-2 -60E+0
-23230500259184E-2 4E+0
295122E-4 -606E-2
-4825E-2 193E-2
-82505456E-2 22E+0
-9757E+0 -887E-2
-17138637E-4 -3E+0
-2947721598E-4 -513E+0
171429972E-6 2E+0
19370718499540E-4 74E+0
-1680E+0 -60E+0
-3860859464E-4 -826E-2
-18792E+0 -2349E-2
316102297E+0 6271E-2
-43746E+0 46E+0
1497619710013581E-2 3E+0
1598088259650E-4 1930E-2
149330513367018E-4 1647E-2
912E-2 57E+0
-7677806071125850E+0 11E+0
769170968568985008E+0 -78E+0
-7829260E-6 -235E-2
566694771467724E-6 129E-2
-4186E-2 7E+0
-56563131712E-4 992E-2
8400E-2 2800E-2
2427458448E-4 -48E+0
-36376547896645E-2 19E+0
-66484898998691640E-4 8565E+0
-3879365E-4 7E+0
687889421974E-4 43E+0
-31054012692261E+0 -9321E-2
4218299207280E-6 -46E+0
-18749611251475520E+0 1898E+0
-2004693612498E-2 -81E+0
-210660624E+0 -62E+0
476154111466E-2 -671E-2
490230071672022E+0 -5346E-2
-3878954E+0 -502E+0
6413788E-2 7484E+0
-278456518692394770E-6 70E+0
18040250473E+0 -19E+0
-141683314682490E-6 -2E+0
2563679859687492E-6 -714E+0
-414162E-2 -42E+0
9333E-2 51E+0
-331831790444835992E+0 3512E-2
-2258654488000E+0 4750E-2
36863844463E-2 -527E+0
-11620524913160490E+0 9E+0
56681850876425E-6 -67E+0
4464E-2 -9E+0
-264141078E-2 3E+0
139259180E+0 -730E+0
2460870424595E-4 281E-2
-610307163125328E-6 8E+0
-7895916E+0 -14E+0
785854215E-6 9E+0
-338956E-4 -839E+0
-553319784E-4 6E+0
-3984538681187924936E-6 -61E+0
-881818300157373E+0 9E+0
-14036841E-4 2457E-2
131544330E-2 4178E+0
-382703401528E+0 856E+0
4218675E-6 -5E+0
1067E-2 -11E+0
1208368288E-6 16E+0
2400573E+0 79E+0
518E-2 -74E+0
-1082106914E+0 -14E+0
-559781140E-2 148E+0
-4344E+0 4E+0
-142176E-4 -8886E+0
-30460E-4 4E+0
214017E-2 -3E+0
-32483758736820E-4 295E+0
-206133701024E+0 464E+0
53003108664E+0 396E+0
1150134922099714768E-6 -56E+0
1864470E-2 -3E+0
24603050464528E-6 -8009E+0
-43365960161739546E-2 -6E+0
-8472122122E-4 2E+0
-306696955E-4 -5E+0
-81444917840E+0 880E+0
-106538603108887276E-6 -2E+0
-6019183469835644600E+0 8E+0
248652E+0 9E+0
787697967850310E-2 -935E+0
1722743283000E-6 200E+0
-421941139449E-4 67E+0
-30151268E-4 -3332E+0
-5345164E+0 -71E+0
2347689827602E-6 49E+0
-38216112855E-2 -2929E+0
628698543525906784E-6 7E+0
-43788184900E-6 668E-2
-42251601E-2 523E-2
-38811E+0 -761E+0
-74489937964988E+0 98E+0
113851034E-6 3007E+0
-154452572454E-2 3858E-2
-388175371256421E-2 -21E+0
-35619511055605100E-4 4E+0
524530949888E-4 -88E+0
28984354867209600E-2 45E+0
-1300646112E-6 -32E+0
638154571196526390E-6 90E+0
1225112154497449521E-4 -3E+0
4857917123556934712E+0 -88E+0
-891055E+0 -935E-2
-413990336746345E-2 85E+0
80996255946612000E-4 96E+0
-136563143902358880E+0 35E+0
-294890115831044E-6 4E+0
-347582694628E-2 961E+0
-2060876391420E-2 -645E-2
-31821002E-2 41E+0
4705045681708125E-6 7675E-2
556178549334398400E+0 75E+0
3762287414880E-6 1312E+0
6772E+0 -2E+0
495462662945E-6 5E+0
-127468E+0 2897E-2
9248E+0 -9248E+0
-88628356274E-6 -109E-2
119286041732E-6 1327E-2
-4530110655624435834E+0 -6E+0
-44704E+0 -8E+0
-474396973686144E+0 496E+0
-27157478130245664E-6 3E+0
-5847619797183160E-4 -788E-2
-2757672E-6 3004E-2
54016E-2 64E+0
-4278E+0 -46E+0
25367283702E+0 -486E-2
-96219907087178091E-4 -281E-2
-157982374238274E-2 27E+0
703601512E-6 794E+0
4501995909802560E-6 -31E+0
1204428729798336E+0 718E-2
209985788797430201E-6 59E+0
-15683783950568255E-4 17E+0
-3773276E-4 -6331E-2
-40975520E-4 7214E+0
82450256887782E+0 162E-2
-1496362826E-6 -842E+0
9629907910E+0 -406E-2
-80534153814555831E-6 8229E-2
7055802576193808E-2 8E+0
-2480E+0 620E-2
-7738484646032E-4 8E+0
998175931700820E-4 -6E+0
9537425E+0 -85E+0
-3605311169181E-4 9E+0
-3477672900E-2 540E+0
1971624E-6 2181E-2
-8491697424750E+0 -9525E+0
374637592705321E+0 781E-2
-95679926331446330E-2 -5E+0
-21736380E-2 2622E+0
-32920489E+0 7E+0
-55425E-4 -739E+0
2010400671687296195E-4 41E+0
1340176788800091504E-6 -16E+0
1993965956445921290E-4 53E+0
-2894136447326E-6 -67E+0
837E+0 -93E+0
1396E+0 -698E+0
-48007E+0 -787E-2
558209985570E-4 915E+0
5699444772050472E-6 9439E-2
10286016E-2 5408E+0
-6815E-2 -145E+0
1927E-2 -47E+0
108256015163E-2 157E+0
3058208056782E-6 5209E+0
2259315E-6 -5E+0
384779198823E-4 -731E+0
482072198868E+0 12E+0
10750019099407686E+0 -42E+0
-1410420E+0 22E+0
16751E-2 7E+0
-165130226346052E-4 -23E+0
-7230674049901536E-2 32E+0
31095792E-4 364E-2
158699684E+0 1804E+0
11904E+0 -248E-2
1630174443040416E-4 532E+0
203178747776030054E+0 -8813E+0
-715719949826930832E-6 -742E+0
-13086095528E-6 -8E+0
28E+0 -7E+0
-61194E+0 -8742E-2
2115117000508205E-6 -7285E-2
7319577819936E-4 -778E-2
-448E+0 -7E+0
-127520040052536076E-4 -484E+0
26042078287424E-2 -4E+0
-374481898E+0 4207E-2
63E+0 -7E+0
66117980341134E+0 -1E+0
4199735212055479E-2 1E+0
2675727268E-6 -4E+0
-351799796E-4 -4E+0
-802568631060E-2 861E-2
-7286908972E-2 -83E+0
311836567446E-6 81E+0
2881494396147592902E-2 -3E+0
-1407555645E+0 -5E+0
4802363336949288E-6 5214E-2
-11311650E+0 -665E-2
-26942342657146022E-4 661E-2
34359E-2 -881E-2
-4014638E-6 566E+0
27004996500E-4 995E-2
1014027063975E-2 -135E-2
328425073320E-4 34E+0
-64523245191220400E-4 92E+0
272729501585383174E+0 1E+0
260129398171407E-6 -8117E+0
-3514829E+0 -6379E+0
-2577577439624E-2 88E+0
8149172154677036E+0 -9247E-2
1750648E-4 59E+0
-383462503152882E-4 6E+0
164031E+0 21E+0
48464E+0 -6058E-2
371485128E-4 -4E+0
5780921436557565E-4 85E+0
-3100328760E-4 -60E+0
-37896384E+0 -5952E-2
5282336256E+0 -6189E+0
30349459848E+0 411E-2
-855E-2 -9E+0
-1013713017225393800E+0 -4700E+0
-587765712E-6 12E+0
-77627002089E-2 91E+0
10512E+0 1752E+0
6972544E+0 -94E+0
-13920E+0 -348E-2
428402142E+0 -238E+0
-1356E-2 4E+0
118067590306094E-2 -26E+0
66570165841030191E-2 -93E+0
-17723747196E-6 -6E+0
6345503137700856E-2 9E+0
-5264212183917884E-4 -2689E+0
-926801615E+0 1E+0
492968215E-2 -5E+0
-95934475E-6 65E+0
168387795401793E-4 33E+0
3804832479E-4 -7E+0
714887494484334E-2 6249E+0
421260792E-2 6E+0
-127893626E-2 -2E+0
-4948653E-2 -809E-2
-7456600253672E-4 7643E+0
-5864246406228496E-2 -7247E-2
4217401758676586990E-2 5210E-2
-8069980642311744E-6 -81E+0
-54649344E-4 94E+0
1663235496E-4 4E+0
1960221730700E-4 -1975E+0
304451666210883404E-6 4E+0
4431726718341E-6 -1E+0
-224546E-2 -373E+0
-267E+0 3E+0
-1216E-2 -64E+0
-2328569252290828352E-6 3688E-2
3791900158265574460E-2 6964E+0
484067818E-4 8362E-2
-149448664495332E-6 6E+0
-2487E+0 829E-2
82519568E+0 -844E-2
-2003787439535721162E-2 6239E-2
-18998611398E-6 8586E+0
15136E-2 32E+0
790749095322E-4 9462E-2
7029E-2 -781E+0
-471945387E-6 -67E+0
-6895676601935523E-6 -9E+0
-5433431520E-2 9348E-2
-706381087468733160E-2 -737E+0
3012091696569434979E-4 433E+0
552553854990401456E-4 584E-2
395E-2 -5E+0
36E+0 -18E+0
1648597306922749300E-4 -20E+0
3263126E-4 9431E-2
-23028120E+0 -8460E+0
-57600E-2 -9E+0
-233072109429060E+0 11E+0
29124E-4 -9E+0
14351172E+0 -489E-2
5807962007E-4 6991E+0
201898984096E+0 32E+0
597302328486159744E-4 -98E+0
2792464636631940720E-2 7229E+0
7159040E-6 188E-2
3920376E-4 -431E-2
-1740E+0 -290E+0
-79254780E-4 -1058E-2
18823560631014656E+0 836E+0
-58198712712800E+0 -3946E-2
-2538091556011E-4 6779E+0
819E+0 91E+0
3865165E+0 565E+0
227340683690800280E-6 8E+0
-2593610134447E+0 41E+0
105E+0 7E+0
-3228480E-6 9120E+0
156820621230E+0 -7605E-2
419958802776E-2 -584E-2
699630240E-2 -96E+0
6E+0 3E+0
-3517370429928183E-2 537E-2
413036701E-4 -373E+0
-18476293652550E+0 450E+0
-5825885E+0 9535E-2
7064E+0 1E+0
335133921E-2 411E+0
800E+0 40E+0
6337E+0 1E+0
16524E-2 -81E+0
28348618939602240E-2 -64E+0
35519001210E-2 63E+0
-284512120E-2 -8E+0
1584E+0 22E+0
13700223E-4 -2433E+0
-24978413472E+0 4847E-2
-424901594985395E-6 55E+0
672305556262500E-6 612E-2
-54550449687E-4 7611E+0
396198E+0 4002E+0
-35601825E+0 -357E-2
292E+0 -4E+0
21889218745550964E-6 3E+0
200574528E+0 308E+0
-54330E+0 -6E+0
-21340E-4 -485E+0
6960610682659062548E-2 -98E+0
-1892785059E-2 -33E+0
1956560544246304E-2 -8458E+0
3209869605004526E-6 -41E+0
7948935026744E+0 92E+0
-7275E-2 -75E+0
14964E+0 4E+0
740583E+0 9143E+0
60444E-2 -828E-2
-16478332900E-2 1700E-2
-7947662792E-4 -8E+0
-361238177086E-4 -4346E+0
211845837602207050E-2 950E+0
-6549674E+0 1E+0
-831632443362483E+0 1029E-2
-5663280982689E-2 -621E-2
19378801846761E-6 3E+0
-1349852E-4 4E+0
2957311924015E-4 5E+0
-1642570050547178379E-2 -9537E+0
-7295729418904512E-2 8E+0
1914807724E-4 -4E+0
1279326629703E-4 3E+0
708828869190265135E-2 -29E+0
76509090881629704E-6 36E+0
-2420502791355E-6 -5115E+0
-2580617700840686496E-4 66E+0
-134085924372183E-6 -2107E-2
36067140824E+0 -44E+0
-76E+0 -38E+0
157743E-4 51E+0
-25070166E-2 -53E+0
87687619147242E-4 18E+0
-19866294591320E-6 -3422E+0
-1065278556E-2 -2658E-2
-2781081301080E-6 -597E+0
-50893580E-2 2E+0
6885426807768915E-4 8505E+0
27864770244168E-6 -44E+0
-10928386808E-2 -2E+0
-1881336E+0 -5469E+0
580081292E-2 7E+0
113715792E+0 72E+0
-304470846608828E-2 -6343E+0
458495194E-4 703E-2
2342475E+0 3E+0
8498645197116E-6 -113E+0
-5488E-2 98E+0
-2840648206079584760E+0 -86E+0
11000E+0 -25E+0
-39895950E-4 75E+0
-31611244211712E+0 1056E-2
-10854E+0 54E+0
-15851013250966E+0 -2E+0
8101E+0 -1E+0
56127497187374E+0 -2E+0
443080E-2 1672E+0
-27454692666208572E-4 -4806E+0
9084E-2 757E+0
-332360E-4 -7E+0
-11663843436E-2 252E+0
2441410643258172E+0 342E+0
-5157851720E-6 -1960E+0
346190877575640E-2 8E+0
26474E-4 434E+0
346752E-2 387E+0
-35951125375222510E-2 -3986E-2
-36628321002E-2 -4143E+0
84352517206600E-2 -5384E-2
4130654568736000644E+0 -76E+0
571608554723577E+0 -9E+0
1622699298E-2 -22E+0
808265E+0 9509E-2
-3613701E-2 427E-2
2109582812361359244E-2 39E+0
-148525742763399E-4 -69E+0
-1687872517536E-4 -184E+0
15073542219904E-2 4624E+0
15E+0 3E+0
261E+0 87E+0
-640232161760832E-4 8688E-2
144340675578E-6 18E+0
-2034045E-6 -549E+0
588546334395E+0 -981E+0
652015656E-4 -447E-2
10624402150800E-4 12E+0
-2211712908E-2 -3054E-2
-216668650454559304E-4 -62E+0
105689270040E-2 -2831E+0
735555353851198287E-6 747E+0
202896066E+0 1E+0
98E+0 98E+0
132067829124E+0 99E+0
14786623071460E-2 -5E+0
-3279454144135118E-4 593E-2
-190440E+0 -60E+0
-1442442946056E-6 -42E+0
8938E+0 82E+0
-2945162084231E-6 457E-2
49445090100E-2 84E+0
-632859973710E+0 -3E+0
-289163655E+0 297E-2
46150653009569464E+0 -8E+0
564032392E+0 68E+0
-57517508875033960E-2 6455E+0
-8859684158E-4 -26E+0
-251925449E+0 4787E-2
-11131822422695E-2 13E+0
-55514045384E+0 -8E+0
-4145962769540E-6 -94E+0
-479840398243386E-4 6E+0
-23339012716527528E-6 -2909E+0
33306980E-2 730E+0
67840691230910637E-6 -81E+0
-311392419612030E-6 3195E+0
3200E+0 -5E+0
369268286771447E-6 2689E-2
-82651129481696805E-4 855E+0
44672166E-2 -579E+0
3432770156838494500E-6 -71E+0
-158E-2 -2E+0
-435354464775E+0 9301E-2
2461326385E-4 595E+0
219002888987325E-6 -5E+0
-4014180E-4 -9228E-2
-446000371777578E-4 86E+0
17661E+0 -7E+0
495321060E+0 -8699E+0
7060E+0 -706E-2
-4040870128121E-2 5303E-2
-4254165621E-6 -9E+0
2363228094963E-4 3E+0
-2484E+0 3E+0
1062E-2 -18E+0
-315546071676982E+0 -769E+0
-127478899355883222E-2 21E+0
219531595192546000E-6 500E+0
112540E+0 1324E+0
-46077296E-2 -568E+0
-4261678018077428522E-4 49E+0
518814296E-6 -88E+0
2589088205936E-6 368E+0
529077529170E-4 -62E+0
-2035E-2 55E+0
-75224998445310E+0 -90E+0
-4696E-2 4696E+0
-103057746119933850E-2 513E+0
-10868012E+0 953E-2
296E+0 -8E+0
1874379016241515E-4 -79E+0
3904E+0 -976E-2
224524815962990E-4 -391E-2
-2495132E+0 3404E-2
454239435E-6 -815E+0
115905980901904900E+0 82E+0
-13532E-4 398E+0
766249487032064E-6 28E+0
834104558E-4 -98E+0
-2883132621063E-6 4881E+0
39303240787592364E+0 662E-2
118624580729200E-6 98E+0
-225E-2 -75E+0
-139235974E+0 -2323E-2
-21652397132832075E-2 3E+0
-9298176970640E+0 -10E+0
5274E-2 -18E+0
-6251387116768E-2 248E-2
330000E-4 -880E+0
-1812465840632255931E-4 -921E+0
77008558864050E-4 9E+0
91164578133E-2 93E+0
-26845962E+0 -67E+0
1239240821E-6 343E-2
610740E-2 1044E+0
951715161150E-2 -975E-2
1222002348E-4 -14E+0
-17185E-2 -5E+0
16785E+0 373E+0
71371407311118E+0 -387E-2
2246854159635479310E-6 6770E+0
-11860824E-2 -46E+0
-885495E+0 4541E+0
4802000E-2 9604E+0
-86926E-4 -2E+0
-24301289222E-6 98E+0
41304043525E-2 -5E+0
-84747979124456760E+0 6646E+0
-1484404309369397358E-6 -1737E+0
770704E+0 116E+0
-93548045841E-6 -59E+0
9553502948154E+0 33E+0
-6357530140188E-2 74E+0
-270343704E+0 6954E+0
-3148014403714871184E-2 -52E+0
-401077995E+0 -4155E+0
4303878508749536955E-6 -53E+0
-3875350531434339650E+0 -7E+0
-728789543088E-2 -848E-2
124635772653E+0 -49E+0
-4501975967832E-2 -2E+0
-380256892772440040E+0 980E-2
5527392E+0 -824E-2
-4828871664E-6 -522E+0
-188039649153550013E+0 1E+0
-1300033461843560798E-4 551E+0
-89001999600E+0 -983E+0
746810400E-4 -840E-2
12920373552E-2 1873E-2
318905459653592E+0 -6881E-2
-1946025017895E-4 -43E+0
7599334505022E-6 117E-2
43778238604313326E-2 -7531E-2
54201430E-4 5E+0
668382E-2 -902E-2
27394755E+0 -5235E-2
954E-2 -106E-2
8020218296E-6 -1E+0
714430097411855916E-6 -1092E+0
1470E-2 -6E+0
12677251630E-6 2111E+0
227349024E+0 -336E+0
4663836E-4 -6606E+0
-1800029860229987442E+0 4211E-2
264282044036095835E-6 5E+0
517104E+0 -189E-2
44080443E-4 9E+0
5379629580E-2 -81E+0
-5356344213484380E+0 828E+0
58048E+0 -64E+0
32630180E+0 3905E+0
-295536150E-2 490E+0
22557196851E-2 -3353E-2
-68750907E+0 -769E+0
-12740597E-2 2461E-2
-462581814382888304E-2 -6383E-2
-60E+0 1E+0
-1820913490616E+0 778E+0
-299316E-2 -6E+0
300E+0 75E+0
35626E+0 -47E+0
-33317977000E-2 -44E+0
4729680E-2 -8E+0
-372125328E+0 9808E+0
25137225092299896E+0 4764E+0
511241E-2 -61E+0
87003982500422E-6 13E+0
-53516366861474E-2 -38E+0
-61189875846648696E-6 -7256E-2
5510E+0 95E+0
-228044087913135606E-4 -831E+0
122187360421560E-6 -1698E+0
-7079390739143499090E-4 -93E+0
-2860105250E-6 10E+0
1508935909973546575E-2 -205E+0
16137319488E+0 -2656E-2
53901026176336581E-6 843E+0
-391756E-4 74E+0
-498463E-4 7E+0
1157163681384E-6 -328E-2
-59945523428E-6 764E-2
527147E-2 -89E+0
-558011E-2 683E-2
-163158996E+0 -3E+0
616860586664700E+0 105E-2
826E+0 1E+0
-53661372744E-6 57E+0
-333175E+0 -5E+0
74022270E-2 67E+0
-13916516040E-2 810E-2
44277767142E+0 581E+0
-3166304299632317239E-6 3629E-2
-2228128E-6 -56E+0
17193E-4 33E+0
2020305623870238E-2 -3E+0
2474223870E-6 258E-2
-1328614E-4 -4414E-2
15310E+0 7655E+0
233199792681E+0 3363E-2
595968E+0 -768E+0
5148294E+0 -534E+0
-41062212E-6 -8707E+0
-236644029328E-4 6911E-2
-4725838758275E-2 673E-2
-17287E-2 -293E+0
-1021790E+0 110E+0
-235286263584E-6 -48E+0
-3362062027518864E-2 9E+0
56952500481381120E+0 -672E-2
13076364170260E-4 6730E-2
2056845437841276E-2 6249E+0
-161649243E-4 17E+0
-625707566016E-2 8808E-2
-102393687773E+0 1E+0
-1424016E-4 -99E+0
449885450668552472E-2 -68E+0
117512514E-2 -42E+0
-1946975069896E-6 -68E+0
-124120841434228E-6 -1844E-2
-7E+0 -1E+0
-2751E-2 -3E+0
14544968328E-4 24E+0
-33076778180E-6 -3340E-2
-104580652144011386E-4 14E+0
-2301872297999184900E-6 -4895E-2
-423E-2 47E+0
3003973321292034510E-4 -5E+0
-3363117385401E-4 81E+0
55382152009923549E-4 -6169E-2
-24702044154E+0 -29E+0
-2730835194E-4 3E+0
-43928004380131362E-2 654E-2
-2293716376175E-6 -7E+0
-164703265608E-6 29E+0
440E-2 -220E-2
4721980106690E-2 -109E+0
-413601110750160E+0 -6E+0
-193945474513253520E-2 40E+0
-54060E-2 30E+0
-828E-2 36E+0
-630790040E-2 830E-2
2707890E-6 5E+0
-12241368E-2 1944E+0
-1923950347620E+0 -284E+0
6448E-2 -1612E-2
2153373425655E-6 519E+0
1528856E+0 8309E-2
50778021824840344E-2 -3461E+0
75298890618776E-6 7957E-2
228113483772722E-2 -569E-2
2670500936610E-4 13E+0
34347018159188E-2 -4487E-2
-61695205655950E-6 -785E+0
19678600678550368E-2 928E+0
291703265120E+0 -464E+0
1765206675568E-2 -392E-2
21948E+0 -4E+0
312E+0 -6E+0
1194976E-4 107E+0
-189872830420E-6 26E+0
-347484952001293092E+0 -1E+0
-2705081969681877708E-2 324E-2
9976E+0 -8E+0
4283840502E-6 -58E+0
-238157207023848E-2 -98E+0
-698136E+0 -76E+0
88380E-4 1E+0
-138114646E-4 2E+0
-146112E-2 24E+0
5673146835829488478E-4 643E-2
19382E-4 881E-2
4068E-2 -452E-2
-76224E-2 397E-2
224093022E-2 -6E+0
124781949609142344E-2 24E+0
-502479341E+0 7E+0
-3332E-2 -476E+0
-259736763E-2 451E+0
1898E+0 -26E+0
143958319E-4 -367E+0
-4200E-2 -700E+0
28977970E-4 -347E-2
-7777E+0 1E+0
69179750681466075E-6 185E-2
36277048231260E-4 8535E+0
226149025687920E-2 -36E+0
-13211686633958424E-6 34E+0
36743708E-4 -41E+0
67524859724E-2 -68E+0
372E+0 -6E+0
-109093068E-2 5604E+0
10694457644E+0 3692E-2
-43005E-2 -5E+0
-1866957218556569748E-2 27E+0
-426E+0 -213E+0
167458579000E-2 40E+0
-73322004E-6 -9422E-2
-644E-2 -7E+0
381793295944964596E-6 -4E+0
-277E+0 1E+0
3450954070189E-4 -67E+0
-26966895639169810E+0 -1E+0
-5986402314552E-4 7821E+0
-3393029E-2 -667E+0
-7053787073715133100E-4 95E+0
-2734082574378E+0 -474E-2
-23941089696888E-2 -182E-2
86879745E-6 -3095E-2
-198295379704E-4 -94E+0
-27655600E-4 8134E+0
-58350E-2 -1167E+0
-5485687346940815538E-2 6E+0
-6459367E+0 71E+0
490E+0 70E+0
14070561921E-6 81E+0
-2464E+0 308E-2
173648202725064420E+0 -3E+0
-161154373080888E+0 3498E+0
-814320E+0 87E+0
-4150E-2 830E-2
6601229323245E-2 7155E-2
-7485962475592E-6 89E+0
-9676616334E-6 -7E+0
-846E+0 -94E+0
33649E-2 4807E+0
146274704E-6 -278E+0
352493213310512E+0 83E+0
-141087618637430E-2 -3527E+0
-8289E+0 -9E+0
-10597635E-4 -3E+0
-146056820E-6 4E+0
-2266235384702533575E-4 -5E+0
15904401843119E-4 -47E+0
4871283586799984248E+0 -8E+0
-30524E+0 -52E+0
8906989609673765400E-4 -958E-2
-53839722E-6 -6E+0
39606729350379944E+0 -8E+0
25547374199995030E-2 -4309E+0
4965E+0 -993E-2
-183805825002852745E-2 -539E-2
-6660906116060831594E-6 -7057E-2
80955E-2 8995E-2
486773521603003636E-4 -92E+0
150536E-4 -248E-2
-4601952648150E-6 65E+0
739667428656E-4 -9178E+0
1051215464E-2 -13E+0
-345920E-2 -40E+0
4255765536E-6 4944E+0
362886458512422975E-2 5E+0
-12579076622841613E-4 199E+0
46935284696135622E-6 9E+0
-52315434E-2 9E+0
220E+0 -55E+0
-6171E+0 -561E-2
425482E+0 -458E+0
44226E+0 -546E+0
-45E+0 -3E+0
279312E-2 -33E+0
19914258925357780E-6 -4E+0
3393274E-2 -2E+0
540622758E-6 9678E-2
30061611888E+0 3836E+0
1720980156414936E-2 -6E+0
105290273236478480E-2 1060E-2
-64691439E-6 -1569E-2
-45563724E-2 7794E+0
-35331002436E-6 76E+0
382728197752573400E-4 -3458E+0
498505214923452E-6 7557E+0
-35558170E+0 -5E+0
95254120E-4 40E+0
895014551728080E-2 -6384E+0
-7822260E-6 9E+0
2102773135848E-4 -5181E-2
-1225180872906E-6 7977E+0
-16074598744E-2 8E+0
-10146210E+0 -3E+0
6242584110E+0 85E+0
-42807E+0 57E+0
-922295216844550E-4 -2E+0
-621223773758933E-6 -71E+0
1015440E+0 -16E+0
3716748901248E+0 -384E-2
-590976342066E-6 1419E+0
637908347464511760E-2 -721E-2
-10755621340E+0 -4E+0
90885948231E-2 7477E+0
-1715096688E-2 -2E+0
5147233E-4 -2977E+0
-40474531073828112E-4 -6E+0
-2250E+0 50E+0
11375228295E+0 9E+0
40E+0 5E+0
171772252743175E+0 2485E-2
-1393921852980436E+0 932E+0
6197462835E+0 -3973E-2
-26374871717554794E+0 -3E+0
2969925E-4 3E+0
-346692367064045583E-2 3777E-2
818099960640E-2 -1290E+0
-19205162545854277E-2 -4607E-2
3810E-2 1E+0
60573E+0 61E+0
747302E-4 982E-2
759224E-2 -8E+0
11001541356E+0 156E+0
310E-2 -62E+0
168281280E-4 18E+0
1399168E-6 -643E-2
45619442E+0 -506E-2
311328821611950120E-2 -449E+0
3636048E+0 -48E+0
-28726E+0 -542E+0
-567E+0 9E+0
-150174448957454E-2 -74E+0
32799290667E-6 -4147E+0
2279296347816185E-4 4031E-2
-11281806948458628E-4 27E+0
-3282460E-4 -410E-2
555254148464188488E-4 -641E-2
-52494763698380120E-6 -535E-2
2126460E-2 83E+0
-336996766775704E-4 2E+0
9781643476E-6 -4E+0
398868E-4 9276E+0
-77387132543690997E-6 939E-2
-1185966647200E-2 16E+0
1426526258E-6 -2E+0
925064953470018E-6 -2E+0
-6320753028E-2 123E-2
-787321602E-6 -9013E-2
267064502883862E+0 3482E-2
-9426866015952E-6 594E-2
2376443297578554E-6 -3E+0
-30994666427113020E+0 1E+0
4781805077216E-6 769E-2
-28692972051319575E+0 -75E+0
-4592011868773850E+0 50E+0
26187761061E+0 381E-2
692334997465135566E-4 787E+0
-38843506798E-4 59E+0
140E-2 -7E+0
211307001062E-6 251E+0
5958611865476906374E+0 -86E+0
918735407213280E-2 -9435E+0
-577384830337861524E-6 51E+0
-947595271007E-4 77E+0
-1238906331765E+0 -9333E-2
-6749796E+0 -1524E+0
-5234455047584550870E+0 -6E+0
4560E-2 -95E+0
25653315E-4 -3E+0
-491328410422818876E-2 562E+0
97518523658752862E+0 1663E+0
-2549894544E-2 -2736E-2
-440E-2 8E+0
-6415889E-2 -599E-2
135128620E-2 9020E-2
19014773265E-6 271E-2
437865610980259E-4 7E+0
-147514289262902163E-4 63E+0
4367032E-6 -62E+0
-14220512E-2 304E+0
-37621553655E-6 1085E+0
2130E-2 426E+0
568E+0 -71E+0
186155558617E-4 49E+0
7840222029037432503E-6 -8757E+0
-7737214937191885280E-6 80E+0
643320431E-4 13E+0
-449837E-4 799E+0
-183E-2 -1E+0
296215653864E+0 78E+0
-8588641169579681186E-6 914E+0
1932678152E-6 4E+0
-85613577384582E-2 -9E+0
-5160E-2 -2E+0
-84331561315434744E-4 4E+0
4140E+0 -90E+0
-31100757502724064E+0 96E+0
2560080981260454990E-2 -6E+0
-44318949174E-4 -6E+0
-6346661503254556440E-4 -88E+0
-603245598420912E-2 796E-2
412476535263790593E+0 9E+0
-285870E-2 390E+0
342398766E-4 87E+0
-390796718351613406E-2 6002E+0
256446411032E-2 -9331E-2
-8082756587975E+0 -1175E-2
786924192392E-2 -17E+0
-839320314432629994E-4 9E+0
-4495498909200E-6 -936E-2
32864322435E+0 -7E+0
-28275E+0 -325E+0
-442967832E-4 72E+0
28322404251950872E-2 -982E+0
385937123449456E-6 -632E-2
186E-2 -31E+0
-439988161762058E-6 49E+0
353266210350501168E+0 6E+0
-5511070732398E-6 -462E+0
-7622332024075650E-4 8925E+0
2658516348812800E-2 -280E+0
86505755E-6 -1E+0
363572452587544354E-2 -4466E+0
-19698420E-2 -42E+0
63213663618799589E-4 239E+0
-336133820E-2 44E+0
497E+0 -7E+0
-4094443296E+0 -1829E+0
-62E+0 -31E+0
-518E-2 -7E+0
543789345273270E-2 -555E-2
-3254589818480E-4 -70E+0
656E-2 -82E+0
-294120E-4 45E+0
1405476237976897830E-4 -2370E+0
-479067E-2 -69E+0
2343507042140603160E-2 -4920E-2
24605460E+0 -990E-2
-492317E-2 -7E+0
535129E+0 7987E+0
-3845272680E-4 -72E+0
-21601188E-6 28E+0
-531172676E-6 -5594E+0
-49795681456E-6 -9512E-2
-14218172838E-2 -9E+0
-2947466603133E-2 -1209E-2
-1895E+0 5E+0
4651746937201735659E+0 -9E+0
4281144E+0 -5996E+0
640395E-4 6741E-2
11412454E-4 2E+0
1363571952843480380E-6 220E+0
-549540448275E+0 -7525E-2
-265896712258853E-6 -377E+0
-541636343E-6 -59E+0
-14261758895723364E-2 -2382E+0
263271922420376E-2 -2E+0
479141751480E-6 -190E-2
41268477180E-2 -60E+0
65527E+0 -7E+0
-449356391085E-2 -483E+0
-46786754301351520E+0 7174E+0
234025E+0 6325E-2
479926828E+0 9382E-2
-442505E-2 -47E+0
11081029749236160E+0 40E+0
246858639087837302E+0 58E+0
-14076511987E+0 8627E+0
-1584128039429824960E-4 5E+0
46067698400548800E+0 610E-2
3016472576E+0 64E+0
221658503029264E-2 -337E+0
-2531347269800940E-6 9902E-2
37440563775E-4 -75E+0
185500988355907490E-2 515E-2
-7540888120064472E-2 12E+0
34032201888192E+0 96E+0
369140130404732E-6 53E+0
604054432E+0 8E+0
3620539315803949E-6 77E+0
3030559E-2 37E+0
28035E-2 -3115E+0
741331127461292E+0 -34E+0
-2E+0 -2E+0
2451476491690374E-2 -6E+0
-5940780742202E-6 1E+0
-3862885566967E+0 53E+0
365310E-2 162E+0
-7296E+0 -1216E-2
-424529880E-2 -6E+0
-3059784839650E+0 -385E+0
-110479711510E-2 -7E+0
-985217032E-2 -9329E-2
-1456707463387992E+0 -18E+0
922953764809075E-2 25E+0
2184E-2 273E+0
140853516425E-6 73E+0
379273321036812E-2 -6E+0
103420010805880E+0 4E+0
17565530952696E-4 -24E+0
-138034127427E-4 8197E-2
-8466761564E-4 23E+0
-6708994028856E-6 -324E-2
10764E-2 -207E-2
550935840E-6 672E+0
87538E+0 -1903E-2
-224E+0 32E+0
10261901175E-6 5975E+0
-539708598E-4 -9E+0
-2208427703968890E-2 -2985E-2
16452114523299E-6 -49E+0
-890388110871236310E+0 895E-2
-5133718631097E-6 63E+0
-6079955679274E-6 -9571E-2
-10289391E-2 -103E+0
-4134248703E-6 -171E-2
2162502E-2 -666E-2
1470E+0 15E+0
2362384E+0 -818E+0
-1004470188749800E-4 -4E+0
-8563406638940E-2 92E+0
295384929300E-6 7127E+0
1851464162331311472E+0 21E+0
64899772E-4 -212E+0
-72E+0 -8E+0
-131031365E-4 5E+0
795446729714223E-2 9E+0
-157074791727326E-6 3391E+0
-9861848474873236182E-2 99E+0
-40871293E-4 -547E-2
4290E+0 858E-2
-21903464E-6 44E+0
-42E+0 -1E+0
-1819243582E-2 26E+0
1281636462384976E-2 -94E+0
-5188589966E-2 5659E-2
12351258653712E+0 -264E-2
-1092E-2 364E+0
412218003064222800E-2 6E+0
833460E-4 -5748E+0
17766E+0 -329E+0
-7352E-2 -1838E+0
46916974930E+0 -665E+0
33128715645E+0 9E+0
-1229224471144E-6 86E+0
9316937426E-6 2042E-2
-4200E+0 1E+0
4374E-2 486E-2
-4543136E-6 8E+0
-4412630187623138E-4 26E+0
71832745323416E-6 77E+0
-15552729324E+0 -6E+0
-12E+0 6E+0
-34310750316E-4 -76E+0
23756559168964050E-6 -415E+0
-143586535716505068E-6 -2211E+0
-96E+0 8E+0
-754051912E-2 -2E+0
-2141364E+0 3E+0
-67644031564704E+0 -532E-2
327173008E-6 3728E+0
19752E-4 -8E+0
-581553799940342199E-2 -969E+0
-51313631762515980E-4 635E-2
-50737966010E+0 2E+0
2029702259E-2 13E+0
3720899864597275E-4 5E+0
4507341211822504474E+0 -478E-2
-2271480E-4 -92E+0
-2223E+0 57E+0
1065557863729904065E+0 -197E-2
5647228E-4 58E+0
19561845426E-6 -87E+0
961830883E-2 -1E+0
212059190E-6 581E-2
1320087993774368E-6 658E-2
34076631479808E-2 4E+0
19955970222E+0 -237E-2
47608104E-6 482E+0
-4960313901910E-6 545E-2
-56388265822272E+0 -813E-2
-47221594016653647E-6 9E+0
-33469922E-2 2599E-2
-28123358901975E-4 9E+0
22174328248631E-6 -2587E-2
-455185169036E-4 -52E+0
-452036858E-4 91E+0
35392E+0 8848E+0
10539060E-2 -210E-2
-763795950125040E-6 -5810E+0
2246282381887884E-4 6E+0
422093328102246669E+0 -51E+0
210484268382286146E-6 222E-2
-137757E-2 2931E+0
354E+0 59E+0
398940E-4 -6E+0
-313325E-4 -83E+0
11805304768E-4 16E+0
-1431000E-6 -795E+0
39092905996707993E+0 43E+0
-1741937340229215380E-2 -1940E-2
-3794400E+0 -7905E+0
-3899745441591104000E-6 -896E+0
316610E-2 9046E-2
5721274667174738E-4 -7E+0
79757979675793440E-6 -7840E+0
-155540E-4 2E+0
-5849040E-4 60E+0
-32466E+0 6E+0
40218636763083E-2 -489E+0
-7670682134937221274E-6 -8058E-2
441791584680E-2 5E+0
1312135E+0 5E+0
-5547886715104E-6 992E+0
7974E+0 886E+0
9172E-2 4586E+0
-17750538E-4 -558E+0
-7042740810E-4 86E+0
5820971759132738E-4 -7501E+0
40510E-2 8102E-2
30875337806520E-6 -510E-2
-30060E+0 -3E+0
-90E+0 -90E+0
-28181000E-4 20E+0
-195025323552102E-4 -1E+0
-1333653611591202011E+0 209E+0
-783769E-2 -9443E-2
1363356E-4 -2E+0
136465700E-4 2740E+0
-1325220104832E+0 8E+0
136045E-2 -23E+0
73226362E-6 -9526E+0
-163904552579014620E-2 -5E+0
4005299712E-2 -9728E+0
29911407882E-6 87E+0
15723181992724890E-4 -5E+0
155311910E-6 -10E+0
5655307440E+0 -1520E-2
8640E-2 9E+0
7194872609192E+0 8E+0
-30E+0 5E+0
326974908341122958E+0 -469E-2
-1048294149086E-2 -2E+0
-2400383976871376E-2 1E+0
-786931404934960E-6 -620E+0
19754173296E-6 858E-2
-355454361190E-6 4535E-2
-319104977285094E+0 3542E-2
-89532144E-4 -144E-2
878856E-2 88E+0
65421172775812410E+0 -30E+0
-681750E-2 15E+0
82809144541324E-6 -8486E+0
-18367937974000E-4 317E+0
-5614394921847345920E-4 -935E-2
-294440E+0 -680E-2
2327471949E-4 11E+0
330624E+0 984E-2
-168810E-4 -170E+0
950900E+0 1028E-2
15987675915837E-4 17E+0
734E-2 -1E+0
2123850E-6 -25E+0
28387520E-4 -5510E-2
613876965E+0 6609E-2
50417269916E-6 -662E+0
-5747509312E+0 -596E+0
3751886270247875319E-2 -399E+0
-33030E+0 6E+0
-31869850355133710E+0 -127E-2
3648080E+0 -496E-2
-695813135E-2 713E-2
-38177459958234684E-6 -69E+0
914710400E-2 985E-2
14637570E-6 6E+0
-117635012262075E-6 -35E+0
-66414143651691E-4 759E+0
241131176E-4 -286E+0
5E+0 -1E+0
3043212909088780555E+0 3145E-2
-150955649925718680E+0 -270E-2
-1805487240E+0 2E+0
-14196036663507840E+0 2E+0
-1930082E-6 7E+0
-30857169592287084E-2 -4E+0
69608936421774398E+0 86E+0
509747210928E-4 72E+0
30277906266444200E-6 520E-2
-6256433615360E-6 -10E+0
30766469876335E+0 1E+0
-142056E-2 1E+0
73740422410E+0 955E+0
-46508355185526E-4 2E+0
-46402134E-6 -6E+0
97572340384E+0 -152E+0
29511090651854E-4 362E-2
7208E-2 -8E+0
-72276084721284444E-4 9E+0
38199E-4 5457E+0
-89520604394460E-4 2085E+0
-102438E+0 -7E+0
380939611977937E-4 -5981E+0
-79674684973180350E-2 -75E+0
-2206320596117127E-6 -261E-2
-1660206677047E-6 -79E+0
-362634216E+0 -584E+0
24872855E-6 -5E+0
12654760791E+0 -3E+0
-227034885555E-2 27E+0
24993759E-2 -37E+0
-55458E-2 -711E+0
1458946008E-4 741E-2
35617526081723720E-2 4E+0
-1250748E+0 8451E+0
-88067122107834717E-2 -8523E-2
2597914775209468704E+0 -8E+0
1770227842336044E-4 -7891E+0
-174691179473559E-2 -6559E+0
35679435978240E-6 -58E+0
5449500E-2 6228E-2
-158650E-4 1670E+0
90325965E-2 -433E-2
1738652015448442316E-4 4E+0
3722252822307711696E+0 8E+0
3781566641012E+0 5116E+0
24090212014078208E+0 776E-2
-3490432383E-2 -97E+0
774693711E+0 9E+0
-12262771554585E-4 15E+0
-43462143469184E+0 -64E+0
816192E-2 -1248E+0
4887438888747E+0 -6781E-2
-87880859133516384E-6 -89E+0
2530E+0 -5E+0
8664677782572E-4 196E+0
405445E-2 655E+0
8544E-2 534E-2
-111846997690864E-4 8E+0
340182583397521630E+0 -4882E+0
-195511692232166144E-6 -4E+0
-260454610503430E-2 613E-2
1855140E-6 42E+0
-37991382128595E-4 6885E+0
-1590411587380E-6 9595E+0
7207161082322E-4 79E+0
1145946E-6 -62E+0
-11133070707455E+0 -163E-2
-67496256E-4 -7232E+0
9165216E-4 -4E+0
6080782896062E-4 7E+0
-3801409580832869792E-4 -4E+0
-12807872756E-4 -28E+0
1249424E-2 22E+0
-3519E+0 391E+0
70181246694E-6 -741E-2
537104247E+0 -3E+0
-142142744107069072E-2 41E+0
138138546862461E+0 -213E+0
64792E-2 728E-2
48732013E-6 -619E-2
-2403320334459E-4 -33E+0
-387712193663E-2 -547E+0
123839752719133564E+0 -164E+0
82520261566560E-6 -96E+0
12298081459087E-6 1E+0
5905854150672E-6 -2828E+0
13016190E-2 -33E+0
-1852E+0 926E-2
156E+0 -6E+0
-15952825433175180E-2 -3E+0
-1020E-2 3E+0
3441166757648532600E+0 -8E+0
43691363441793E-6 9E+0
18983099774E-2 -2038E+0
-124114595185932736E+0 88E+0
18393271191960E+0 -70E+0
981331248434680E-6 10E+0
-28028096E-2 848E+0
-19011085884136084E-6 -4E+0
46498683E-6 -7777E+0
13708145066E-4 -2E+0
679435533E-6 -9E+0
464240129550E-2 5E+0
-174717E+0 27E+0
1917530E-2 -5690E+0
1666750278568268970E-2 5E+0
139421807860267278E+0 547E-2
-56279911E-2 -6749E+0
29776E+0 -7444E-2
3218924791983780E-6 -620E-2
-28634213604E+0 58E+0
1673274179484E-2 -6E+0
18880E+0 295E-2
38852E-4 44E+0
34602365800011E-2 -19E+0
-149281838E-6 998E-2
6225313020102E-6 814E-2
2083222260E-2 524E-2
5006466307887728E-6 -541E+0
6593912E-6 76E+0
-59648E-4 932E+0
3523714235568564E-2 -4E+0
-57202034432E-2 356E+0
23702691E-6 3E+0
436447081663718499E-2 -3E+0
-242075134E-4 1E+0
16E+0 -2E+0
-4633244823753E-2 -7E+0
-92845368177907E+0 -283E+0
-525E+0 -75E+0
-36195050474117335E+0 4295E-2
72364495220919E-4 -87E+0
2935835546364283655E-6 7991E-2
290870E-2 295E-2
-860763959613672E+0 2E+0
869042467700714156E+0 3109E-2
2272152140049E+0 -941E-2
75036492E-6 -426E-2
9152E+0 416E+0
14664E-4 78E+0
-4396947946E-6 106E-2
3730301952359727540E+0 6564E+0
78327E-4 -81E+0
-219E-2 3E+0
114614927E-4 -3661E+0
-3009112832566844472E-6 532E-2
1796269954464E-2 24E+0
1723356E-2 -27E+0
-336089576594722E+0 1E+0
-574062917165564E-4 2108E+0
-261528E-2 68E+0
10855274938020292E-2 -52E+0
-8702214952412800E-2 -14E+0
-304368E-2 -48E+0
3253634283588437E-4 5411E+0
-534875880194898495E-4 -3E+0
23E+0 1E+0
68310208282024E-4 -8E+0
51911034242619360E-6 645E-2
848916325E-6 -8725E+0
-24436844500E-6 50E+0
5895702544E-4 5476E-2
3341252964E-4 -391E-2
-66800280E-2 -690E-2
1984155E+0 -1E+0
36088140E+0 165E+0
-156340748761830E-6 237E-2
-2166927048200186736E-6 8E+0
215954984E-2 28E+0
11948848E-6 -1552E+0
-30675684E-2 4E+0
-4904534760E+0 -681E+0
1059822000E-6 -360E-2
-23950130E-4 46E+0
-81995672795256E-6 393E-2
-4246039932358140E-6 -90E+0
-88E+0 2E+0
22318508869779E-4 -6887E-2
6274173700E-2 -775E-2
63160825E+0 -7E+0
-4264E-2 -82E+0
490721732E-2 1772E+0
-404364534478464784E+0 497E+0
-19396976116E+0 7E+0
244385E-2 -5E+0
444007185139845E-6 -6165E+0
23997500E+0 662E-2
9E+0 -1E+0
8767394541E-2 23E+0
1715770038990215E-2 -8735E+0
-258043516723992542E+0 -61E+0
-220138917933510E-6 -90E+0
-6877040755431E-4 -7E+0
232591150269460E-2 -4033E-2
-860640617702817E-2 9E+0
-2819694E-2 71E+0
-35457600E-2 890E-2
-441287E+0 847E-2
-4408E-2 -2E+0
-145679374585761E-6 -4097E+0
17632E-2 -464E-2
9207910749933291872E-6 -928E-2
-2710134057E+0 -3E+0
4803774030130565724E+0 -6E+0
-8416436212394491873E-2 9389E+0
2397540E-6 -31E+0
-7009936E+0 76E+0
2665814500842E+0 3E+0
-83234169682127E-4 -37E+0
18551E-4 1E+0
1112201396100E-4 -2235E+0
52071644E-2 -419E-2
-602496283424315E-4 8659E+0
3289995E-4 45E+0
-18793990E+0 -205E+0
717436101213009060E+0 8380E-2
47535675E-2 75E+0
-5137964432495E-6 -1E+0
736972012E+0 -812E-2
-7780696090880232E+0 884E+0
-59912594376E-6 6E+0
20640E-4 -24E+0
43401889816992672E+0 56E+0
-47675925360E-6 966E+0
82090778220564E-2 853E-2
5013793478841180E-6 4E+0
-161039874870E-6 -270E-2
-1804870421310E-2 -3058E-2
-2994302426E-4 8809E+0
8178770188661550E-2 -9890E+0
-11560E+0 -2890E+0
2878937279762555E-2 -5E+0
373851264E-2 -96E+0
3883448969840330E-6 9265E-2
333617902855E-6 5E+0
2269123720278048E-6 -1E+0
599474E+0 74E+0
2065817705157E-4 9E+0
-86076872912E-6 4E+0
22875259315501840E-6 -2405E-2
107274E-2 941E+0
46771629385E-6 5E+0
596750E-2 -175E-2
-521609949E-2 3969E-2
2012251281927232E-2 62E+0
120974755E+0 -4813E-2
22496373E-4 87E+0
-47747763E-2 9E+0
-28656211638042E-4 -58E+0
-248015E+0 5E+0
-180071577E-6 3171E+0
-60603047407834028E-6 772E-2
-48912947553086145E+0 9E+0
20E+0 20E+0
-11558711199620E-2 4330E+0
1192704924280769484E-4 -277E+0
-28068525394205460E+0 60E+0
37389800E-2 -700E-2
-676728E-4 -964E-2
-31129E+0 7E+0
530281592937E-6 -1497E+0
18984933E-2 -627E-2
38659316771E-2 9293E+0
20655023523E-2 2553E-2
-1254E+0 -6E+0
-358368E-2 6E+0
11297685910E-2 7E+0
584366328E-2 8E+0
57708E-4 -9E+0
-245343960266E-6 -1E+0
-267168E+0 66E+0
-2482E+0 146E+0
1043088E-2 -16E+0
-285974985996E+0 49E+0
30879E-4 423E+0
-72976161372960E-6 -8E+0
146040E+0 -2434E+0
-4272783127023527968E+0 8E+0
-57329352377482936E+0 3448E-2
19996454861173E-2 79E+0
-360207795967232145E-4 983E+0
-18480E+0 -88E+0
-908638729310908252E+0 -989E-2
581091E-2 -7E+0
41561215E-2 -5E+0
-42388765702E+0 9886E-2
2797777345248085E-6 -5E+0
51977744124E+0 -2E+0
-61610E-4 -5E+0
87591E+0 -97E+0
-2539770782072016E-6 6E+0
2256E+0 -752E+0
-65E+0 -13E+0
-15627214E-2 -2E+0
-184325916E-6 76E+0
96869E-4 617E+0
238031758881E-4 553E-2
-394849925069052126E-2 642E-2
-83602536E-4 1E+0
-1754717348E+0 -4E+0
-11926620E+0 1730E-2
-952896E+0 -14E+0
31116678757311E+0 93E+0
-402891429793220250E+0 50E+0
30508967887512E-6 -1112E+0
-90361647667353150E-6 -25E+0
9459064102918E-6 -626E-2
257786295923724E-4 3E+0
-9E+0 -9E+0
-1783231605723881850E+0 -3425E-2
-31E+0 31E+0
-343584E-4 -4E+0
-1023440973800584E+0 -4762E-2
-8106354402784608E-6 -96E+0
-448427687310E-2 -1762E-2
2848620600E-2 -7335E+0
-29799E-2 -387E+0
-109590E+0 6E+0
37725922373040E-2 -496E+0
-3834544E+0 6566E+0
43792378E+0 406E+0
-16846752750E+0 25E+0
-62063595785710E-2 -197E+0
1284989966720E-2 -1520E-2
81E+0 9E+0
-153967264945E-2 -2665E+0
1102500075E+0 25E+0
3758741190503412204E-2 -91E+0
1684462969195688368E-2 536E-2
-821196224102640E-6 -4E+0
1189121805249E-2 87E+0
87464412E+0 358E-2
-438158702331E-2 -63E+0
4558415628739437E-2 3E+0
-18269134872E-6 -24E+0
-2875374390E+0 595E+0
15214691553160E-2 -19E+0
-1231056831646600E-2 4184E-2
79405272110258805E-2 -5E+0
-371053249272E-2 486E+0
-267E-2 -89E+0
4938440760E-4 -792E+0
1069729128576E-2 -1656E-2
-33244785E-4 49E+0
48015056750069528E-6 -1556E+0
3602282E-6 -43E+0
-1901762027595E-4 4605E-2
-1582841498E+0 413E+0
-22010546993308344E-6 8E+0
-651615203880E-4 -8221E-2
-18E+0 2E+0
504581743926E-4 78E+0
-1097151552E-6 392E+0
-1727082998322493700E-4 -175E-2
13620E-4 2270E+0
144E+0 -4E+0
-2085394703E-2 -7E+0
-32814928944186E-2 859E+0
472935706428E-6 -1308E+0
-11255720E-2 -2636E+0
-415817228384E+0 -94E+0
1871703020E-6 -5E+0
-326031407307804E-4 6E+0
-446302760568267897E-4 -63E+0
542829376003976304E-4 8E+0
9459057265E-4 35E+0
50579419140216E-6 72E+0
-7875525084000E-4 -840E+0
-410368586088768201E-4 -47E+0
3200E-2 5E+0
-12540E+0 15E+0
-382650216E-6 -2424E+0
11222E-2 -2E+0
-493474199624E+0 -8E+0
28349469E-2 31E+0
-135100E-4 -386E-2
-36558E-4 6093E-2
1296943587800533350E-2 615E+0
-92660350531016209E-2 -1E+0
-83577745350300172E-6 841E+0
-40811952E+0 -708E-2
7868815520E-6 8E+0
586806432E-2 656E-2
-2231E+0 -23E+0
-99E+0 -33E+0
-514584E-4 -6E+0
-49780E+0 19E+0
81541E+0 1E+0
19812099612028359E-4 -3E+0
1078478650476E-4 -4869E+0
-197405205308596E-6 -29E+0
1384E-2 -8E+0
-4757052639990348E-6 -3508E-2
-114141383980949E-2 5813E-2
348539959788261880E-4 -38E+0
-184839439591738503E-6 9E+0
11334245E-2 65E+0
-1218722040E-2 -60E+0
473464723677610E+0 146E+0
3978E+0 9E+0
-246509020058E-6 -3269E-2
-2048E-2 32E+0
-1494E-2 83E+0
33434358782688E-4 6816E+0
12620E-2 6310E-2
-103444467379E+0 7447E-2
28143500E-4 -9350E-2
95736449226392E+0 104E+0
436768380718800E+0 471E-2
54549103E-6 -7E+0
-90315994E+0 -1E+0
1559502E-4 -3E+0
450002159421414396E+0 3E+0
-653816317E-6 7E+0
-202397804556E-6 -61E+0
8298545265E-2 8355E+0
-49107807708561E-6 -63E+0
115863732810735028E-4 -28E+0
3378100E-2 4150E-2
34134139307970E+0 4485E+0
135888641712E-4 -846E-2
-22020847057204E-6 4E+0
-88709338592E-6 47E+0
-29585E-2 97E+0
3982055168E+0 -5096E+0
-78203876856E-4 8116E-2
639848000276381960E-4 -1960E-2
116319758308553983E+0 29E+0
-281680175E-4 -535E-2
519882317317470380E-4 364E+0
598251016E+0 4E+0
201880E-4 392E-2
459499818124118112E-2 4664E+0
-40418532522E-4 -6729E-2
463999705059E-6 839E+0
-321810598343163E-2 -87E+0
30914535971306722E-6 -74E+0
-15348440911695136E-4 -8E+0
13170183849E+0 -969E+0
-207275688277E-2 7E+0
58784607E+0 6951E+0
-1659420E+0 -35E+0
-44512E-2 -8E+0
110608E-4 1784E+0
2116800E-2 2160E+0
42775E+0 -5E+0
-25616E-2 4E+0
-133353E+0 -1347E-2
360800935892406308E-2 -5113E+0
-4986127957070E-2 890E-2
-1240E+0 -620E-2
466959250303940103E-2 613E+0
-7480E+0 -374E+0
-11405143957580424E+0 293E-2
-6663979060E-4 -95E+0
92217430030E-6 -9470E+0
620865607295871444E-4 -78E+0
596550203409E-2 97E+0
2453906312662204E+0 -2E+0
209703493506E-6 494E+0
456475104032E-4 752E+0
2179598329162388060E-6 6635E-2
-1933257211200E+0 -560E+0
-27106914489E+0 3E+0
7142585325834E-2 8722E-2
37651835699893356E+0 4E+0
1923332E-4 38E+0
56068060476157356E-2 957E-2
-870299411049E-2 9E+0
-755041557E-6 89E+0
8088E+0 -8088E-2
-2173541895276340100E+0 -389E+0
11530742648040E-4 -4620E+0
3073363168504691E-4 -7391E+0
24208586752E-6 -8E+0
-897951690841429860E+0 3435E-2
53602388139513E-6 -93E+0
-421582500E-6 -5484E+0
683943572741560E+0 -92E+0
-335359281313402E-4 46E+0
993914338436508E-4 -3953E-2
134152515332720E+0 40E+0
1863878297029904E-4 -38E+0
-17392E-2 2174E-2
38868E-4 -492E+0
7822276E-2 -308E-2
-18479767059E-4 351E-2
378704530052E-6 1E+0
-12926971160312E-2 8E+0
1300E-2 50E+0
31498273472E+0 544E-2
-31637207911800E+0 50E+0
-144E-2 -8E+0
161154712761831E-2 43E+0
-4092630521750E-4 50E+0
-6917931774168E+0 -8E+0
-37548804E-4 -53E+0
-196659681315769850E+0 5E+0
-4387278738882646E-6 -58E+0
246296840398596E-4 324E-2
-24757039E+0 667E-2
-56405578374814E-4 1E+0
23267928768E-2 448E+0
995211612278016E-4 3738E-2
-129995232E-2 4512E-2
-44210E-2 -5E+0
-8719920E-6 -22E+0
-383892000E-6 75E+0
-12700E-2 2540E-2
-23578632644501E-2 53E+0
42120E-4 72E+0
256915406272776E-4 -3E+0
-2190E-2 -365E-2
78635610900E-4 -9725E+0
-58929164588E-2 7E+0
42612731E+0 7E+0
207086483896119989E-6 -7E+0
-3536640E-2 90E+0
81343422E-6 213E+0
-17428735413368E-2 607E+0
-1048492E-6 4E+0
35682977837418396E-6 57E+0
567015145984E-4 -16E+0
-11548E-2 -2887E-2
-594E+0 -9E+0
674562952E-4 -56E+0
610189680E-4 -1264E-2
393866779316116308E+0 4E+0
167757296E+0 -2968E-2
-429862592828495E+0 -6049E+0
-110920975684594560E-6 -960E+0
-16200561E-2 37E+0
9196254E-2 162E+0
237833E-2 5531E+0
1630E+0 -815E-2
-498569590675329E+0 -753E-2
-195920709552E-2 -2E+0
-164317118660905E-2 -4109E-2
41713944E-2 534E+0
46249420126080E-4 40E+0
-54E+0 -9E+0
-52779166140E-6 2038E+0
-668172300347480E-4 5E+0
85E+0 -5E+0
-8587811063509292E-4 2E+0
-1240717107884544E-6 -57E+0
-65597532E+0 -602E-2
-4187420459277569225E+0 -5E+0
556719315145740E-6 -9E+0
195125809191678240E-4 -620E+0
-92419280E+0 355E-2
2023691337182906460E-2 -45E+0
607832E+0 -8E+0
-1862238417E+0 177E+0
1764350E+0 -2485E-2
-1218343801791253665E+0 635E+0
-13544514E-2 -738E-2
-391599033911842E-2 -62E+0
187965327E-2 -59E+0
-81516965454E-4 9E+0
618E+0 6E+0
1440E-2 720E+0
-473018395E+0 95E+0
-2676062E-2 -841E-2
-80500239269476828E-4 1E+0
23128114745600310E-6 7285E+0
-216607272702567090E+0 -898E+0
6453701247197753136E-6 8E+0
1446102300E-6 -5E+0
-510E-2 17E+0
302595848001000E-6 7725E+0
-1407142068618E+0 -9087E+0
1476E+0 -738E-2
68844683823690E+0 370E+0
313742973484733400E-2 -4860E+0
-5001299504E-6 8E+0
21463458555E-6 -2541E+0
1674168224967693E-4 8619E+0
78354E-2 8706E+0
911301616080E-6 45E+0
-3134601608E-4 76E+0
-211193327131110E-2 -30E+0
276156329960E-4 -5992E+0
8105E+0 1621E-2
-741574E-4 -289E+0
-70464350190E-4 7410E+0
-269360E-4 481E-2
85862283734105263E+0 -1E+0
-4065984705E-4 885E-2
6455440E-6 -10E+0
152E-2 -8E+0
708539370E-4 -30E+0
-114E-2 -3E+0
2843212106984E-4 -538E-2
2367E+0 263E+0
307451128796292303E-6 3417E-2
24771140512E-2 8E+0
-117947816384E-6 8E+0
-29009436E-6 -2E+0
-7E+0 -1E+0
107280420412E-6 -44E+0
19410E-4 647E+0
254795993173880E+0 -655E+0
31156622835577587E-4 9E+0
875546609653278E+0 -9E+0
490946423836330E-6 5110E-2
5985244221560E+0 -8E+0
144E-2 -6E+0
1593754246914768E+0 -3E+0
576043E-2 -949E-2
448753178471119E-4 -7283E-2
-79105446945E-4 -5355E+0
63268197704757805E-4 -7687E-2
-2683670135196359580E-6 -4215E-2
-6792509905231350572E-6 716E-2
-110570887052287272E-2 24E+0
-4044217240077E-2 -7E+0
212098340066340E-4 91E+0
-591001460E+0 -95E+0
-135932251726E-2 -62E+0
2317769679740565E-6 -3E+0
407211390E-6 9E+0
2292581092213057408E+0 -7E+0
-34904968819030968E+0 84E+0
933816E-4 -1599E+0
-21523164E-2 676E+0
39863747011566E-4 51E+0
1892E+0 44E+0
-29093681890E-4 -65E+0
-17214696E-2 -4476E+0
-2698604989330696925E-4 3631E-2
236366E+0 -26E+0
-53710972645689562E-6 7063E-2
-64116052E-4 22E+0
41725624550134E-6 -826E-2
-19695718168109874E-4 22E+0
9361525274498908E-6 -7E+0
8382524654802663E-4 -9E+0
-11008840782156E-4 -84E+0
14296908908000E-6 -4000E-2
13171628386180506E-4 -2E+0
84293E-4 97E+0
30393854110822868E-4 -4E+0
47357542727E+0 -6353E-2
-524205E-2 -1E+0
3009132699642315E-2 5E+0
-154663405751E+0 53E+0
-729122E-4 -4366E+0
-3582819089204E-2 -4E+0
-2274244025E-6 -115E-2
452510403E+0 -87E+0
342810E+0 7618E-2
6805868E-2 -86E+0
68698557747501E-2 849E+0
-112264034190533472E-2 507E+0
448E+0 -8E+0
165286472832E+0 459E+0
-72642308641588312E-6 8E+0
-75049370277076E-4 442E+0
3619600135E-2 85E+0
-1283810563014E-4 1E+0
11258945999420E-4 35E+0
239562971712E-6 -438E+0
-48631168669279204E-2 -92E+0
9755641844208579E-2 3E+0
-335474090E-6 -805E-2
623289404430048E+0 8152E-2
2671441816112E-2 -2698E-2
1796939634560E+0 -38E+0
167036352568E+0 -3788E-2
-287743419250533E-2 6751E+0
-4844021220E+0 -6E+0
-2020480E-2 70E+0
-151218649351560268E+0 -1E+0
11189033103E-2 199E+0
112788E+0 52E+0
-407030862552E-2 -69E+0
-570010166124E+0 578E+0
-23487219E-4 861E-2
198388802163272E-2 7E+0
20672931E-6 -291E-2
-3181254285832E-2 994E+0
2284558506184318E+0 5282E-2
-812665832E-6 8767E+0
4910480426077656485E-4 55E+0
15212397E-6 -3E+0
7717200E-6 80E+0
-70001218862259072E-2 96E+0
211840552E-2 22E+0
-2930892E-4 -3E+0
-66323565E+0 -693E+0
-24327967690814E+0 -842E-2
3907263195959852E-2 4E+0
-49261735020036E-2 -2E+0
-323959916294935E-6 5E+0
-5527370105244E-2 8028E+0
567E+0 -63E+0
-19064539509322040E+0 8E+0
-7042353198048E+0 93E+0
-3236266397073354E+0 -6542E-2
-119207203556950327E-2 23E+0
765E-2 -45E+0
-692668092E-2 4526E+0
577449864E-4 8E+0
-206951913669897489E-2 -31E+0
108464E-4 2E+0
-8468371450944E-6 72E+0
-525762457186361220E-6 6615E+0
59840247131814E-6 -6E+0
-79501470E-6 435E-2
-5135383530889E-4 -521E+0
-78E+0 6E+0
55424E-4 8E+0
453001094577586516E-4 -46E+0
-155652212355987951E-4 -17E+0
3896E-2 -3896E-2
507244073446530E+0 6735E+0
39114E-4 -9E+0
2899760934E-2 -3E+0
-7E+0 -7E+0
206700E-2 795E+0
12617093542815050E-2 5E+0
-17763109E+0 -377E+0
-130416E-2 -429E+0
-2519552E-4 448E+0
-2886875E+0 -625E-2
432414972078705344E-4 82E+0
13990904842E-2 89E+0
37565806196655380E-4 -4633E-2
44700E-4 596E-2
22118200E-2 -4525E-2
5144578308E+0 -3741E-2
8633732113675782E-4 -9E+0
32050915908E+0 -1E+0
43346467710720E-2 -768E-2
488495E-2 -7E+0
20015559E-4 7767E+0
1511689787815254966E-4 -729E+0
267802976316743517E-6 -1033E+0
-1617E-2 231E+0
-26005827434262E+0 74E+0
123972486E-6 363E+0
3894909E+0 3E+0
6395629E-4 -89E+0
-264171358444055940E+0 -895E-2
24977181206629E+0 -317E+0
-53905475E+0 -65E+0
508382762070E-6 7149E-2
-8116734E-6 8133E+0
-22517053760E-4 4E+0
148426543489399732E+0 -2E+0
-14797426425077517E-2 -7321E-2
-1841E-2 1841E+0
15873820627518300E-2 51E+0
69683845E-2 7E+0
2049668E-4 1E+0
-5788091998886852E-6 358E+0
-55512903201E+0 9453E+0
72E+0 -9E+0
391019163231417E-4 -1073E-2
487139589E-4 1E+0
-14533685136828E-4 -396E-2
1527373582615560E-4 30E+0
34356E+0 -1227E-2
-66449454E-6 -1074E+0
128018E-4 2783E-2
9014187887361E-4 1383E-2
403395426194310E-4 90E+0
74993E-2 19E+0
-2259598939983E-4 5481E+0
3595282301812930E-6 569E-2
-4659732184833550566E-6 9E+0
2565023372894E+0 73E+0
48070E-4 -55E+0
65413161161266842E+0 -66E+0
22225E+0 25E+0
15296281E-4 5291E+0
-107666E-4 13E+0
-11245174670912E-4 -13E+0
1858875803955961E-4 -5999E+0
-7458531646005E+0 1485E+0
81582120977520E-2 6E+0
4E+0 -1E+0
-75376172102231826E-2 3E+0
34258455E-2 -55E+0
-27392E+0 856E+0
-2337E+0 41E+0
881235936E-2 84E+0
461571376277418E-4 66E+0
534942948E-6 -76E+0
587288611520E-2 -8060E-2
76E+0 -2E+0
98933224350E-6 6635E+0
-8742768E-2 6E+0
305400E-2 50E+0
-1653711935074188E-4 -3089E-2
-8608598373815316E-6 -12E+0
-446E+0 -446E-2
-313177335786504E-6 5634E+0
218663E+0 449E+0
-20080E-4 -5E+0
83196E-2 -3E+0
3075683202735E-4 715E+0
1191645E-6 3783E-2
5987590200E-6 -106E+0
-81846725163291E-2 -9E+0
-26136E+0 -9E+0
-489018155E-6 -83E+0
474349470E-6 -7E+0
5435304538512E-4 -804E-2
59306269823999E-4 -6473E-2
-1000E-2 4E+0
807160304187636E-2 84E+0
715781675735E+0 -17E+0
10E+0 -1E+0
2373073909744361421E-6 -443E+0
716885E+0 65E+0
458617935E+0 15E+0
-1412601265787468022E-4 -9E+0
-248718278490E-6 -4190E+0
-919975056E+0 934E-2
3934326379840077795E+0 7E+0
-9347536E-2 -8E+0
-3616562747160920E-6 4E+0
78694166435200E-6 -8E+0
12568204471900E-4 203E-2
75650498E-2 -77E+0
-496035130638170786E+0 -5707E-2
54380125145825161E+0 -1E+0
3967318189989744E-2 -4E+0
-735399833664E-6 -96E+0
43235200E-4 472E+0
223424156788849598E-6 -907E-2
-155485799388614804E-6 1262E-2
-2451E+0 -43E+0
51577594319212463E-2 59E+0
23198265E-2 6813E+0
592090145952E-4 943E+0
4424787905E-4 1E+0
39909E-2 -753E-2
-7362E+0 409E+0
4165401693609756E-6 6E+0
183702333680E+0 8E+0
-6902E-2 29E+0
237E-2 -3E+0
-1655472689004326910E-2 85E+0
-931356E-2 2E+0
-75612942E-2 94E+0
5842902513582E-4 9E+0
145350E-4 -15E+0
-5162194604E-2 -5012E+0
407824726551E-4 717E+0
16034139443513728E+0 8E+0
-6899130E-2 6990E-2
-11688396E+0 4E+0
9095812077E-2 1E+0
3967774118063847E-2 69E+0
114049792E-2 -256E-2
-467700095E-4 -5E+0
-43650651215928E-4 -6E+0
-2156841351120191508E-2 -76E+0
-24980070962E-4 77E+0
-13441971629505E-4 -3E+0
18771315198188E+0 -7E+0
-452E+0 113E+0
-49265556E-2 228E-2
238E+0 -7E+0
1073460E-4 -30E+0
5797158586564051920E+0 944E+0
-3157E-2 451E-2
-4785022532E+0 53E+0
2808837482529820E-6 4E+0
31607562160020E-4 -539E+0
-29420496649039357E-2 -1E+0
-2519729893480016824E+0 4E+0
2235583E-4 -821E+0
679E+0 -97E+0
-4012060851990E+0 45E+0
50780016E-4 -6E+0
48009402903665E-6 85E+0
-6E+0 -2E+0
-2093013E-6 1E+0
-4383476E-4 6914E+0
24123009610E-4 7E+0
-516089001E+0 -57E+0
-251603446807105602E-4 -6E+0
465351E+0 -543E-2
14470770778691899E-2 -1E+0
2718465702756136E-2 8E+0
-4214898979371E-6 -5289E-2
818129770127152E-4 973E-2
-80535663654704928E-6 -2736E-2
-15254073576E-6 7154E+0
2205113722253E+0 -739E+0
-22717639E-6 8563E+0
-688280582115E-2 7E+0
-314358985E+0 2465E+0
-95978210E-4 365E-2
-505780E+0 -95E+0
30127E-4 47E+0
-1774908848444985E-2 -935E+0
296058309958152E+0 42E+0
848799385154308E-6 -7E+0
-46266E-4 7711E+0
6326676706962170376E-4 9E+0
-48888907800E-6 5E+0
-302577490725171990E-2 -67E+0
-71787424E-4 944E+0
-1893483E-6 -27E+0
48605E-2 -5E+0
166272E-2 32E+0
-2356176393540108E-4 342E-2
1330827800E-2 -8E+0
