# swept corpus: band=PT profile=P-fin seed=0x1234567 count=4096
# PT = Power-of-Ten divisor (y = 10^k; exponent-only exact result)
# format: two space-separated canonical decimal strings per line (operand x, operand y)
310E-2 -1E+3
857E+0 1E+15
44614325937452E-2 -1E+15
8E+0 1E+10
-7769E+0 -1E+13
-78792E-4 1E+3
88668883822705609E-2 -1E+6
-120844131E-6 -1E+12
77455711395E-4 -1E+9
5266E+0 1E+4
-20551E-2 -1E+13
57787201E+0 1E+11
-189E+0 -1E+14
-44573E-2 -1E+15
434735E+0 1E+14
-281054560E-4 -1E+7
17495001E-2 -1E+1
165116496018E-4 1E+5
-20E+0 -1E+1
-4542364967910E-6 -1E+13
-4894435614E-4 -1E+7
-541E+0 -1E+13
-855E+0 1E+3
783910E-4 -1E+6
-86043391E-6 1E+9
-7409522312411051E+0 1E+2
-734652488177776E-4 -1E+11
502004995902803808E-6 -1E+7
886168181283E-4 -1E+5
-422303264413822592E-6 -1E+15
-8408387E-2 1E+10
4337E-2 -1E+2
-2031210970128E-6 -1E+12
8438591329646562974E+0 1E+3
2393022577E+0 1E+1
52E+0 1E+12
1985E+0 -1E+9
-6E+0 -1E+6
575173673060963E-6 1E+0
5863925352691591E+0 1E+2
-694420499E-4 1E+8
-2578936772642201E+0 1E+11
-76E+0 1E+3
-3392833006E-2 -1E+0
-314422061472480603E+0 1E+11
111E+0 -1E+8
7015148008328092268E-4 -1E+12
-19099667115544761E-2 -1E+6
-24196E-2 -1E+7
1354E+0 1E+9
-2E+0 1E+5
4171243048160E-4 1E+5
65898075619843E-6 1E+15
8974661651517882531E-4 -1E+6
8728076E-2 1E+1
50320E-4 1E+4
1856353E-4 1E+5
-4305E-2 -1E+6
649E-2 -1E+11
-359E+0 -1E+0
67595902057596E+0 1E+9
-8E+0 1E+9
36299401076430790E-4 1E+13
54340E+0 1E+11
3759230137599404253E-2 -1E+15
-48E+0 1E+0
-878338E+0 1E+6
-71E+0 1E+13
-338412157527E-4 -1E+8
-105171018E-4 1E+6
9E+0 -1E+14
869136391978241436E-2 1E+3
-420E+0 -1E+2
-956118593106E+0 1E+12
35379E+0 1E+14
6103990627E+0 1E+5
-3268857355103E-4 -1E+8
82677929492E-6 -1E+9
63556470E+0 1E+2
-29571671869874E-6 -1E+9
-515403E-4 1E+0
-491E+0 -1E+3
20438322818E-4 -1E+13
-904603249299E+0 -1E+12
274980263E-4 1E+2
5E+0 1E+1
-80753975704513E+0 -1E+15
-761293798E+0 -1E+6
-9044712E+0 1E+6
-8287130910161302663E+0 1E+6
6426273542867037933E-4 -1E+9
-97E+0 -1E+12
-4989332E+0 1E+0
4657171088552E-6 1E+4
-7161375132886E-4 1E+13
-9328916085668E-2 -1E+10
9872264192102424E+0 1E+8
5643986065379367429E-4 -1E+5
-37931900415E+0 -1E+4
-984E-2 1E+6
-939844E+0 -1E+3
-3057189138E-4 1E+0
7795388401766E-6 -1E+9
3852559142944116E-2 -1E+15
-7628730095131074273E-4 -1E+2
-2366E+0 1E+10
-868556930E+0 1E+13
-2477E-2 1E+7
-984786335525E-6 1E+5
7779193382E+0 1E+1
-2096824930E-6 1E+10
92E+0 1E+8
15316E-4 -1E+10
-83125E+0 -1E+7
78820756121989E-2 -1E+3
-4521584229787E+0 1E+5
-7523877E-2 1E+14
-30E+0 1E+12
-1898709E-2 1E+9
3752687171015618688E-2 1E+9
-636384E-4 1E+1
2736369E+0 1E+3
22E+0 1E+10
-181E+0 -1E+7
5261454187601E-6 1E+13
22775198E-4 1E+0
-27761509E-4 1E+1
-479070600E-2 1E+7
-1789E+0 1E+8
6558213704867047E-6 -1E+12
273754010454739564E-4 1E+1
-41779956473631E-6 1E+13
-5956041219382E-4 1E+13
8E+0 -1E+6
685821475E-6 -1E+2
-79166929600275927E-4 -1E+5
-83176052E-4 -1E+1
-848981005E-2 -1E+0
59775962E-2 1E+6
374E+0 -1E+5
-591571905761567362E-6 -1E+9
-254721233918610939E+0 -1E+11
9E+0 -1E+0
-213E+0 1E+3
-1893249451596428E-6 -1E+4
14749856722E-2 -1E+3
-254087118065164E+0 -1E+8
1981467437679E-4 -1E+14
196482510404269E+0 -1E+0
-56E+0 -1E+6
45935219008E+0 1E+7
62808562018992888E-6 -1E+6
-890968046357301E-4 -1E+8
605984920839708854E-4 1E+7
-43690853536E-6 1E+2
7363E+0 1E+14
-7758337627985E-2 -1E+2
2550590878590930853E-4 1E+1
751100407274E-2 1E+2
86E+0 -1E+6
496402E-2 1E+10
-35264332435793E-4 -1E+0
31773244589450713E-6 1E+1
342156E-4 1E+1
-2E+0 1E+12
18677491E+0 -1E+7
-2805981811E-6 1E+0
-1822683833E+0 -1E+1
-7E+0 -1E+9
79377617837660E-2 -1E+0
7336E-2 -1E+7
-10755506587961E-2 -1E+1
17981E+0 -1E+10
97049E+0 1E+5
-287033E+0 1E+6
1E+0 1E+15
9141195944447E-2 1E+0
-90122944E-2 -1E+4
-43805081060533E-6 1E+5
-44806679E-6 -1E+7
-420E+0 -1E+6
-3951541E-2 -1E+6
7883873339522583E-6 -1E+3
-676693006695871E-6 1E+5
-13111860045E+0 -1E+3
3460466284854E-6 1E+5
948022E-2 -1E+7
-6929257632E-4 -1E+7
338453E-4 1E+14
-417473716082918443E+0 1E+3
-73E+0 -1E+12
37E+0 1E+5
41607E+0 -1E+9
4115327045145E-6 1E+0
9325691097E+0 1E+5
60036E+0 -1E+14
4572973E-4 1E+7
5761888014345373E-2 1E+8
-952183E+0 1E+2
-9E+0 1E+11
40280E-2 1E+10
166507065075E-6 -1E+7
5322E-2 -1E+10
5390417E-6 -1E+15
-4512889E-4 1E+9
-608071E+0 1E+9
5887026293095E-2 -1E+7
-62802237982768E-4 -1E+12
22E+0 -1E+8
85E+0 -1E+5
13305114522818940E-2 1E+5
-5145324890094224636E-4 -1E+12
758E-2 -1E+5
985164432608817917E-4 -1E+15
44726341961E-4 1E+10
-447699313874E-4 -1E+13
-72347343130647402E-6 1E+3
-763682E-2 1E+11
55993116659955471E-2 1E+13
264E-2 -1E+5
-134034584179519E-2 -1E+12
-71109589997923195E-6 -1E+9
16E+0 -1E+7
6289799202140E-2 1E+0
31401321507515E-4 -1E+4
6E+0 -1E+1
-70180051E-4 -1E+9
6460735E+0 1E+15
1283469012020E-2 -1E+11
1930561E-4 1E+2
5000181920144E-6 -1E+2
1155707491734E-4 -1E+4
-345798120024396E-2 -1E+5
711957315695E-6 -1E+13
-806307994E-6 -1E+11
-6898422262388E-6 -1E+12
-31057374727E+0 -1E+6
-294888580116431869E-6 1E+10
-86661395591607E-4 -1E+6
-5926598E-6 -1E+7
733968085711421360E-4 1E+12
-18754794E+0 -1E+7
-32840022683E+0 1E+10
-458275781299E-4 -1E+11
-7599221819E+0 1E+10
43E+0 -1E+8
909E-2 1E+0
-43038230228E-6 -1E+13
-42E+0 1E+15
3305152797125E+0 -1E+14
-13803085058370724E-4 -1E+13
-392835213E-2 1E+15
11E+0 -1E+14
677034587558239897E-2 1E+2
-5E+0 1E+1
83943068508E-2 -1E+15
-33787274635E+0 -1E+9
6425757208657836E-6 1E+5
-82830949791624027E-2 1E+8
234856004973305E-4 1E+2
-5658142649313E-4 1E+12
-4399492559234801675E-2 1E+5
-3E+0 -1E+0
-322476479263E-2 1E+1
-175066014390334E+0 -1E+1
-78E+0 1E+2
864147908E-6 -1E+6
-4066642E-6 -1E+6
791615297092114896E-2 1E+13
-4060E+0 1E+0
-20797E-2 1E+3
100126607948430836E-4 -1E+12
393022E-2 -1E+6
-713403219236981681E-4 1E+10
-5367653E-2 -1E+14
-54920E-2 1E+6
-804E-2 -1E+1
100020346815316221E-2 -1E+6
-108740156E-2 -1E+13
-3503147397646E-2 1E+6
8E+0 1E+7
7088928195E-4 -1E+1
489E-2 1E+8
-50E+0 -1E+13
387E+0 -1E+6
-98E+0 1E+3
8E+0 -1E+3
-7E+0 -1E+12
-9030955E-6 1E+14
50907106235204927E-2 1E+6
-481017831912459006E+0 -1E+15
50276533E+0 -1E+7
-169790E-2 -1E+8
860943061758808E-2 1E+14
-893818334059157E-6 1E+8
361E+0 1E+0
-688337463E-2 -1E+13
-782001766E+0 -1E+13
-98899E-4 -1E+7
-63976923634869E-2 1E+12
-3136694009496936152E-2 -1E+13
-4191E+0 -1E+8
-38632315E-2 -1E+6
61913215181793947E+0 -1E+15
-35E+0 -1E+0
-56119562551E-4 -1E+6
-20362600428E-2 -1E+2
-729E-2 1E+1
3200263603E-6 1E+0
5274558573E-2 1E+1
-95876670E-2 1E+10
66488981250757E-4 1E+6
-982476614775278E-4 -1E+3
3439944E-4 -1E+3
287882670172962486E-2 1E+3
-5898130797E-4 -1E+10
-685534994645527371E-2 1E+6
-2E+0 -1E+10
-34483565807350262E+0 1E+10
-2338083883967E+0 -1E+13
3190405790236E-6 1E+10
2602223959819221E-4 1E+4
63410490768163E-2 1E+11
-8E+0 1E+4
438987930879E+0 1E+15
21E+0 1E+7
-6881011943152E-2 1E+4
588029E+0 -1E+14
-179E+0 1E+11
497834568273989E+0 1E+9
5395190E+0 1E+12
-914458860956372E-6 -1E+3
-181063735933065628E-4 -1E+9
3211760148497E-6 1E+15
4422505851821E-2 -1E+13
-171474649272849E+0 1E+13
63E+0 1E+6
-7009521E+0 1E+7
-2867894E+0 -1E+7
-9557E-2 -1E+8
-877366370270793275E-4 -1E+0
5E+0 1E+15
-303E-2 1E+6
745E+0 1E+1
-14337108453E-4 1E+2
971E-2 1E+4
-854E-2 1E+0
-1350801689206367400E-4 -1E+2
-9372373303390447E-2 -1E+3
3158413134E-2 1E+7
-820588546093E-2 -1E+12
-12E+0 1E+9
6743E-2 -1E+12
-9231E+0 1E+12
9367258825E+0 -1E+15
-4418408503951946266E+0 -1E+11
-9252971609164259E-6 -1E+3
76671E-4 1E+6
-6562937579054E-4 1E+1
8586928075E-2 -1E+6
8488731715045E-4 1E+7
-6462625607180E-6 1E+4
-2876367027469937E+0 -1E+12
2129E+0 1E+7
-9925846104443508484E-6 1E+6
96315607119217E-6 -1E+12
-8441655E-6 -1E+6
-60E+0 -1E+10
95E+0 -1E+5
-5143119072985727E-4 -1E+0
688212934151E-2 -1E+11
200E+0 1E+1
-5168972511E+0 1E+8
-7341824E-2 -1E+2
80331E+0 -1E+6
-57E+0 1E+0
7440167E+0 1E+14
-861169807330196E-2 1E+13
35330415E-2 -1E+0
-6533169253919577E-4 1E+1
-38096E-4 -1E+8
-12E+0 -1E+4
737487824E-2 1E+4
6403944542423473E+0 1E+14
12038184358285E-6 -1E+12
-741822366E+0 1E+5
14633E-2 1E+3
-173111146391E-2 -1E+2
-18103404E+0 1E+11
-2621967385355421669E-4 -1E+9
-2519045786864017E-2 -1E+15
330988829E-2 1E+11
-30666335173631597E-4 1E+11
-9370610264860E+0 1E+15
129105937E-4 -1E+13
98E+0 -1E+1
-3151936E-2 1E+10
1582276195E-6 1E+0
7709385203213520385E+0 1E+13
-6E+0 1E+6
33855368672E-4 1E+15
-25055244E+0 -1E+4
5733785365571E-2 -1E+3
-96977057468619478E-6 -1E+14
-2278E+0 1E+6
9435500688065535E+0 1E+15
-4300783690E-4 -1E+2
-32315547E-2 1E+8
1204364E-6 -1E+7
43586013230E-4 1E+5
861546021E-2 -1E+13
5733140E-4 1E+13
-52911341E-2 1E+0
-1011306185454914E-6 1E+3
23E+0 -1E+9
-459398374917436E-6 -1E+2
-9442213E-6 -1E+1
-1735883279063175826E-4 1E+8
-436754145E+0 1E+11
149355333286E-4 -1E+10
26330918312962391E-4 1E+0
6696E-2 -1E+6
4557184082093684902E-2 1E+1
-62017321781E+0 1E+0
-7513E+0 1E+1
276115965047587E+0 -1E+9
475E+0 -1E+2
-9813103633E-4 -1E+2
64940022E-6 1E+7
-76077E-2 1E+7
-729E-2 -1E+11
-4891509276604115E-4 -1E+0
-804511791042E+0 1E+13
58206224388875682E-6 -1E+5
466233223198E-6 -1E+6
99E+0 -1E+2
49404882E-2 -1E+12
-81283841E+0 1E+5
30E+0 1E+4
2E+0 -1E+15
673121572744413E+0 1E+0
-47E+0 1E+6
-9E+0 -1E+9
-6792087012080879E-6 -1E+13
28159175866E+0 1E+15
4599342860411147049E-6 1E+8
-888E+0 1E+2
-86420820E+0 -1E+8
-19345197808338E-4 1E+2
43E+0 -1E+3
-50232476500E-6 1E+12
-87611592504282E-6 -1E+15
-9816453602E-6 -1E+13
7959726939E-4 -1E+13
103E-2 1E+7
-6312346139355710E-6 -1E+7
-100820344436809389E+0 -1E+10
-1766599440156E-2 1E+9
-26952500E+0 -1E+2
3013590672498151E-4 1E+14
3101E+0 1E+12
7917523150662E-4 1E+11
-40079712063607017E-6 1E+11
24748577631030E-4 -1E+15
-2662777662E-4 1E+9
55465739902320E-2 1E+9
-28E+0 -1E+15
-671281961602E-6 -1E+4
-80E+0 1E+1
-911E+0 1E+5
7445027893958E-6 -1E+14
-2746078438303421E-2 1E+11
273598194E-4 -1E+15
891007953200678207E-6 1E+9
1286505E+0 -1E+10
-86678331887E-4 1E+13
7140462E-6 1E+15
-604690631084820977E+0 1E+13
-268120421009E+0 -1E+10
-173608492E+0 1E+8
22862374634080E-6 1E+4
-284534E-4 -1E+4
-7975429125405E-6 1E+15
6E+0 -1E+11
-8896E+0 1E+12
699E+0 -1E+4
4671827328191125E+0 1E+13
5E+0 1E+7
30523E+0 1E+7
1730832439466E-2 -1E+5
-34273E-2 -1E+11
1837409791813571E-4 -1E+7
-91452651553070E-2 -1E+8
-10E+0 -1E+5
-267762648221087215E+0 1E+11
-19727E+0 -1E+15
-85428405345463E-4 -1E+14
-4977572931E+0 1E+11
7676E+0 1E+9
-8281645892816433447E-4 -1E+1
77479E-4 -1E+0
-9642789072E-2 1E+8
-2760E-2 -1E+1
8613336686358804539E+0 -1E+2
602561E-4 1E+3
104E-2 -1E+11
221320487316916259E-2 1E+4
-21928E+0 1E+11
-8338579E-2 1E+1
-3863912530247388E+0 1E+4
-60221875E-6 -1E+3
68257640525986E-4 -1E+14
249398318357E-2 1E+14
713370665473283479E-6 1E+11
9580E+0 1E+0
-377860E-2 -1E+10
-8912037191568E-4 1E+4
-3543E+0 1E+4
-213E+0 1E+9
241E+0 1E+4
-70E+0 1E+11
-6584558845464393E-4 1E+0
665E-2 1E+6
-181517E+0 -1E+9
-7E+0 -1E+13
5192E-2 1E+0
8696E-2 -1E+8
-3370833333540E-2 1E+0
50497444E-4 1E+4
-429426758960387591E-6 -1E+12
-88556278363332E+0 1E+8
-6951290625716742E-4 -1E+15
71299660E-4 1E+6
9276904472687E-2 -1E+0
32041011E-6 1E+6
-217665E-2 1E+3
40020068868140622E-4 1E+4
462055739895123447E+0 -1E+6
96125817868E+0 1E+14
-7558221E-4 -1E+10
-20789466343133711E-6 -1E+7
-45709065150E-4 -1E+6
-14118770160365E-4 -1E+12
15035086364144444E-4 -1E+0
698998608586485E+0 -1E+2
-500875E-2 -1E+2
-927501239724E-4 1E+10
804804571393408701E+0 1E+6
73974E+0 -1E+14
-572195417464891596E-4 1E+8
5248488034900722363E-6 -1E+13
-422244247652800E+0 -1E+9
-5449963E-4 1E+1
-529608615610222464E-4 -1E+15
893093531140299E-2 -1E+14
320E+0 1E+4
-7400E+0 1E+2
-2818053814E+0 -1E+8
-2160E+0 -1E+12
3202042899E-6 -1E+0
-9663376E-2 1E+13
538708262162898976E-6 1E+13
5403E+0 -1E+15
-874E+0 1E+5
-94E+0 1E+12
1420730078792521884E+0 1E+7
9766293768E-2 1E+1
390023315E+0 1E+5
-28375608337E-2 1E+2
-461809E-2 -1E+12
-46849649904E-2 -1E+14
-9820832126123E-2 -1E+3
969130890522171433E-4 -1E+6
-84233873051E-4 1E+13
-7852183719285113505E-6 1E+8
-8910591879E+0 1E+14
457117994E-2 -1E+5
6277580852085123834E-6 1E+0
786106971E-4 1E+13
-241E+0 -1E+2
-848E-2 -1E+3
-94547294E-4 1E+15
16751162573465365E-4 -1E+3
-54365912E-2 -1E+11
-3193543834E-6 -1E+14
8E+0 1E+14
4E+0 -1E+11
2321170E+0 1E+5
381E+0 1E+6
-643049590274085832E-4 -1E+6
837542464072858969E-4 1E+15
-63202032769451E-4 -1E+3
-53906666E-4 -1E+15
66E+0 -1E+9
-961188916760E-6 1E+8
1300685989118E-4 -1E+13
-473307759165E-4 1E+8
-335217946855E-6 -1E+5
9886667827211289434E-2 -1E+5
-1940E+0 -1E+13
1689094E-2 1E+6
768562E-2 -1E+6
1214680E+0 -1E+6
1411493499E+0 1E+9
-684650427316774E+0 -1E+0
97943E-2 -1E+7
-100985E-4 1E+1
41841E-4 1E+14
46890E-2 1E+8
-552110936E-6 -1E+7
-9047567E-2 1E+12
68E+0 1E+2
936645135E-2 1E+4
-3775582E-6 1E+13
-71E+0 -1E+12
461945E+0 1E+2
870548939225841926E-6 1E+4
-329965481146291580E-4 1E+0
6321E-2 -1E+6
-275158E-2 1E+12
302693008653581560E-6 -1E+5
-9933485579E-6 1E+12
-3773E-2 1E+13
-5765199511513808E-2 -1E+0
152237167104E+0 -1E+13
-2284862563110599757E-2 -1E+2
512563198194848E-2 1E+6
559836818E-4 -1E+5
73650698611E-6 -1E+3
5322199499E-4 1E+6
8938855406850837113E-4 1E+4
-99429E-2 1E+6
-86282566E-2 -1E+2
115060059497E-4 1E+5
65135704866408E+0 -1E+3
31466191479970697E-6 1E+11
749724870458936673E-6 1E+13
-6421507650241726005E-4 -1E+8
64019461E-6 -1E+2
-17850835E-6 -1E+4
46317208033E-6 1E+7
92928E-2 -1E+6
-4457929262268935625E-6 1E+7
-969350755537E-6 -1E+5
-983E+0 1E+11
-58671847710060E+0 -1E+13
849E-2 1E+9
-142986931365E-4 1E+0
244076342512145804E-6 1E+1
-38052E-2 -1E+8
-625504943338517E-2 -1E+1
514641E-2 1E+6
-808439310259434E-4 1E+8
-70769886562236464E-6 1E+14
-8007795296832650519E+0 -1E+9
-271709E-2 -1E+8
64E+0 -1E+13
737667093890037151E+0 -1E+4
-603E+0 1E+6
7090960E-6 -1E+10
86955998024E+0 -1E+12
-4836E-2 1E+9
-229853157E-4 -1E+15
-69343009462759E-2 -1E+14
-86342580E-6 -1E+3
12603E+0 -1E+14
-4379918009975261E-6 1E+7
197014894933349E-2 -1E+2
5277975E-4 -1E+14
-72447E-4 -1E+4
-3799800E+0 -1E+1
618E-2 -1E+4
3639670094903007E-6 1E+2
-5605483E-2 -1E+8
6260480672059404707E+0 -1E+3
39E+0 -1E+8
-696996E+0 -1E+12
385043390609483E-4 1E+6
965700420472624E-2 -1E+2
943663E-4 1E+3
-797E+0 -1E+7
-26E+0 -1E+9
-2E+0 -1E+1
-1419662737E+0 -1E+12
7177634E-6 -1E+12
-24271025E+0 -1E+14
260066778391856676E-4 1E+7
-82686042499234444E+0 1E+1
4393943E-4 1E+12
670001586603144E-6 -1E+9
157729532443184E-4 1E+7
96900449146E-2 -1E+3
23343304016417457E-2 -1E+12
-7973E+0 -1E+12
162264315E+0 1E+1
1231298616883E-6 -1E+9
-1315056E-4 -1E+12
-527E-2 -1E+7
315328157730E+0 1E+11
-807697613100631162E-4 -1E+1
-8596294E-2 -1E+5
782723E-2 -1E+1
-4331656216E-6 1E+12
-38656281170520E-4 -1E+8
-84503395917636962E-4 1E+0
-36832649626E-6 -1E+13
7907334134823801E-4 -1E+8
-50645604645342666E-4 1E+0
-46165483533063E-4 -1E+13
1998943021334E+0 -1E+3
-898190907545525941E-4 1E+10
-530464273650606E-4 1E+3
499303397897940E+0 -1E+4
-82817425285824230E-4 1E+14
-2E+0 -1E+7
-7380223410310350E-4 1E+1
403956E-4 -1E+15
4060433061194738521E-2 1E+6
223465335871182E-6 1E+0
-1698538969859079E-2 1E+3
-7067402416E-2 -1E+5
319224480851481E-2 -1E+8
-323905351250E+0 1E+4
-3E+0 -1E+4
7990561316E-6 1E+3
697006E-2 -1E+7
-994378E+0 -1E+6
88727373E+0 1E+15
-34964001E-2 1E+7
63536268539E-6 1E+8
5998877740070426377E-4 1E+9
-257285819E-2 -1E+14
87E+0 1E+12
174181709680937E+0 -1E+4
-7832530660839481E-6 1E+6
-75974E+0 -1E+1
7021131850076E-4 -1E+3
-6E+0 -1E+4
4E+0 1E+11
-3510562416040723E-2 -1E+9
-41051313053365360E-6 -1E+6
-16665064E-4 1E+2
-77131818E+0 1E+6
288009927E+0 1E+2
-629327727E-4 1E+0
360353778133E-4 -1E+7
-356282593934223899E-4 1E+14
-242846221082587E-6 -1E+9
56E+0 -1E+2
-5550062634768223E-2 1E+6
-4565339E+0 -1E+14
-856E+0 1E+5
-3E+0 1E+12
25069860E-4 -1E+2
-23608968E+0 1E+13
49169200E-2 1E+3
-5505E+0 -1E+4
-2E+0 -1E+3
1730014152429364015E-2 -1E+4
2544116676927667797E-4 -1E+9
-2567015863E-2 -1E+6
366797E-4 -1E+9
-6976938077433109E+0 1E+9
-54E+0 1E+0
4715319422E-6 1E+0
-904337E-2 -1E+14
55334E+0 1E+2
950037E-2 -1E+6
47385091E+0 -1E+10
-1325065731688815668E-6 1E+13
-277528064850E-6 -1E+12
-3146464102828100891E-2 -1E+4
28E+0 -1E+6
-34E+0 -1E+2
-16818E-4 1E+6
-9474971990141959E-4 1E+5
-359237693549806E-2 1E+12
-407799196628639291E-6 -1E+9
-824576455953415E+0 1E+14
5144830887882537E-2 -1E+3
77596E-4 1E+15
8461678123479059221E-2 -1E+9
-9426908353382E-6 1E+3
-941665258E-6 -1E+7
46634502646483446E-2 1E+15
-58244273405504342E-2 -1E+10
-1797915974328515611E-2 -1E+8
-94595620E+0 1E+4
-735104693347065829E+0 1E+1
60563419E+0 1E+2
974E-2 -1E+9
-6455268542774E-4 -1E+11
-4255842408250578E+0 -1E+1
8736E-2 -1E+7
69E+0 1E+15
-298940005E+0 1E+0
2492E+0 -1E+15
8282681E-2 1E+6
-95675791E-2 1E+6
38E+0 -1E+3
6894200476E-4 1E+10
-287141945270089E+0 1E+9
-9234E+0 -1E+12
-812125564488595010E-2 -1E+5
-14501E-4 -1E+10
20E+0 -1E+1
-6E+0 -1E+12
943660154732274419E-6 -1E+14
-119E-2 -1E+8
96705E+0 1E+4
27896615683608E-2 -1E+3
-3141884495430E+0 1E+11
-5E+0 1E+1
719797516682088E-6 -1E+12
736436488186E-4 -1E+12
7E+0 -1E+9
46484E-4 -1E+0
-720641352993E-6 -1E+2
-6993971332577202E-2 -1E+15
3939731361E+0 1E+9
-37497490334092870E-6 1E+6
76262941809E+0 1E+11
-116516103093E-4 1E+7
-8E+0 1E+11
467484591040E-6 1E+3
-7796504432157E-6 -1E+9
-2724931946053E-6 -1E+14
263872723032453037E+0 1E+3
-92139E-4 -1E+15
7E+0 -1E+8
-5945864E-4 1E+1
-99336381548E-4 -1E+15
-5188257E-4 -1E+5
762579E-2 1E+11
94801599657439E+0 -1E+3
4097712060465E+0 1E+7
88106938E-4 1E+15
59676545789E-4 -1E+7
-972007E+0 1E+1
-661356084704257E-6 -1E+2
87784050259842E-6 -1E+3
-22546492780818605E-4 -1E+6
5003703572597989E-4 -1E+13
670439889972531980E-2 -1E+9
935723079076E-4 1E+7
-832270690E-2 1E+10
-361903104306143E+0 1E+3
-5984795E-4 -1E+11
703554025133872E-6 1E+11
29877822E-6 -1E+8
546E-2 -1E+2
1678250842053493E-4 1E+3
9688933E-6 -1E+14
-10705322415495882E-4 -1E+7
-3620692296748E-6 -1E+11
8906310259802081E+0 -1E+3
-88E+0 -1E+7
734437947E-4 1E+1
173E-2 -1E+11
-5932165830E-2 -1E+4
60355E+0 1E+3
-426407627727E+0 1E+2
76484935E-4 -1E+13
-27959E+0 1E+12
93983E-4 -1E+6
91288E-2 1E+6
357E-2 -1E+4
1556E+0 1E+14
9E+0 1E+1
-89862143E-6 -1E+3
2795822939951719E-2 -1E+6
91949047749080E-6 1E+15
-8772119262E+0 1E+3
5038850210947342E-6 -1E+15
8343706E-4 1E+15
-893784675629E-2 -1E+0
-91177821E-2 -1E+9
3833603159E-6 1E+3
343651265829871106E-2 -1E+12
484085460E-6 1E+3
-966478E+0 -1E+6
83331913355444E-4 -1E+10
9081140059045E-2 1E+14
-879330069232884176E+0 -1E+9
8472962727236049E+0 1E+4
-67114E-4 -1E+8
852667260741865E+0 1E+8
785743709580897E+0 -1E+15
7039E-2 1E+10
-3E+0 1E+10
-166388700821E-4 1E+2
345E+0 -1E+14
-77386643E-2 1E+8
-23089713664E-2 -1E+1
36993611538754E-4 1E+0
39938134467E+0 1E+10
916878878801E+0 1E+14
-941285246E-4 -1E+9
-7625819619785E-4 -1E+0
8260362789867E-4 1E+12
-82766570E-2 1E+10
2455782990579063E-4 1E+0
8722030811809E+0 1E+1
707773962559527759E+0 -1E+15
-2188630824280952753E+0 -1E+9
74828067871E-4 -1E+15
-41108512E-4 1E+3
-7445E-2 1E+11
615E-2 -1E+1
45415297904E-6 1E+12
-287679533915147E-6 -1E+11
-673244953703E-2 -1E+0
-199478290856273E+0 -1E+6
865148155439735E-6 1E+13
58169180E-6 1E+10
40065901E-2 1E+14
-80972051689E-6 1E+12
3144765337442994E-4 1E+13
47630057734E-2 -1E+5
-422622597191E-4 -1E+6
-10552681458177E-6 1E+14
12575E+0 1E+4
2373E+0 -1E+13
86168E+0 1E+5
-338641810E-6 1E+0
-1365856900138791317E-6 1E+7
-9204425E-4 -1E+14
-13559700375E-4 1E+12
-31044827469706E-2 -1E+7
-1179556678340E-4 1E+4
5376502769644005E-2 1E+9
-8910309165872976E-2 -1E+1
2502690625867505E-4 1E+8
-3E+0 -1E+14
76163837364E-2 1E+7
8593E-2 -1E+6
402130E+0 1E+7
-485081E+0 -1E+7
11502965458E-4 -1E+0
450948E+0 1E+4
7E+0 1E+10
-475E+0 -1E+0
957573837723168690E+0 -1E+0
78E+0 1E+6
93725608684E-2 -1E+8
-16409E-4 1E+9
-882071895569983E-6 -1E+2
37283163390E+0 -1E+6
-688E+0 -1E+1
7939E-2 1E+4
-9335474078E-6 -1E+9
45133150E-2 -1E+15
-40776E-4 -1E+6
49232E+0 -1E+4
-471689258678390E-6 -1E+7
-17394794021740254E-2 1E+0
310E+0 -1E+2
-9760666585E+0 1E+2
-95053879E+0 -1E+0
31208E-4 -1E+4
152133796666051E+0 -1E+15
-572747763540937E-2 -1E+15
8078682E-2 1E+0
-6095364E+0 1E+7
1110073809553178E-4 1E+1
2400612178383E-4 1E+9
-6E+0 1E+7
-118E+0 1E+4
-1106623E-4 -1E+1
980333714139E+0 -1E+14
-2675100044476E+0 1E+3
-5378872140331137E+0 1E+4
-3865365534126398474E-2 1E+11
-727315481708580419E+0 1E+14
2494825E-2 -1E+13
-802328E-4 1E+14
-922234884711224665E+0 1E+5
-392E-2 -1E+3
952844146420390412E+0 1E+0
-73E+0 -1E+15
-10007550495E-4 1E+3
1769895E-4 1E+4
-878050469E+0 -1E+9
-3878965559284741431E-2 1E+14
120E+0 1E+2
57E+0 -1E+1
-54956E+0 -1E+8
-5544075150E-4 1E+14
352100235971336E-4 1E+6
-900541966219818967E+0 -1E+7
-2558764545E+0 -1E+1
-4999120576E-4 -1E+1
108912230E-2 -1E+8
-810E+0 -1E+13
4852662264E+0 1E+5
-938566594E-6 1E+7
54265544463325E-6 1E+5
-78266E-2 1E+9
-451166735974348E-4 -1E+11
874443340E-6 -1E+7
-205161536E+0 -1E+3
345877891131E+0 -1E+2
-9859E+0 -1E+13
158E-2 -1E+1
-1525407748348056202E-6 -1E+11
-76031630605214335E-2 1E+7
898938086E-2 -1E+9
-975892836846972E+0 -1E+6
-87832470286E-6 1E+6
-656327717905445E-6 1E+12
-80E+0 -1E+9
831468667458E-2 1E+14
8289E+0 1E+3
-89530313552E-2 -1E+2
7618268204E+0 1E+11
-59E+0 1E+0
4467937E-2 -1E+5
-35074479E-2 1E+3
26257011235096E-4 -1E+13
-41E+0 -1E+9
58735727883E-6 1E+10
1808000E-2 1E+6
85138349789E-4 1E+14
76455510E-2 -1E+11
40926E+0 -1E+6
6718238330522135E+0 -1E+15
-9843516649096E-6 -1E+13
-7042E-2 1E+1
8106284043E-6 1E+6
-1764992815390062E-2 -1E+13
2135705800266331374E-6 1E+7
7473756470669502E+0 -1E+12
-12E+0 1E+2
-9657924E-6 1E+12
1142896757266666E-6 1E+1
9222590838E+0 1E+6
-5276571861361139E-4 1E+14
-95647602658E+0 -1E+1
529327E-2 -1E+13
818682E+0 -1E+10
66110102E-2 1E+3
611727E-2 1E+15
7802139041806135E-6 1E+1
-910959493E+0 -1E+11
493411403811E-6 -1E+8
-2E+0 1E+13
1966172E-2 -1E+7
-19658517372956116E-6 -1E+2
3186141E-4 1E+0
-245996E-4 1E+12
-85783020656350777E-4 -1E+15
-272002509276E+0 -1E+15
-2582E-2 -1E+1
6947070115284568807E-6 -1E+8
-81913726100230E+0 -1E+0
5E+0 -1E+6
90E+0 1E+7
-69950452406E-2 -1E+11
76264183075586E+0 -1E+10
60504171260141579E-6 1E+15
6E+0 -1E+12
122E-2 -1E+7
915765350567905E+0 -1E+13
144530325933507E-2 -1E+6
-392763631884454E-6 1E+11
399E+0 -1E+6
-370572E+0 1E+9
1E+0 1E+6
317849E-4 -1E+2
246167E+0 1E+7
219555129600069710E-2 -1E+5
4061E-2 -1E+12
-6264E+0 1E+3
845101979999419134E-6 1E+8
-951230218E+0 -1E+7
372390147E-4 -1E+6
-2E+0 -1E+7
-3626329052862049721E-4 1E+9
-430E+0 -1E+10
98887E+0 -1E+14
-410E-2 -1E+6
90244130305757773E-6 1E+12
-23E+0 1E+3
-672024059266793520E-6 -1E+7
-4156191058560E-2 -1E+5
-8138E+0 1E+3
-879627110601E-2 1E+9
-3874798E-4 -1E+13
-264E+0 1E+5
97E+0 1E+0
3147E-2 -1E+12
-1429E-2 -1E+6
68487318094615E-4 -1E+0
-490731650931845E-6 1E+10
-6636682342681E-6 -1E+3
336E+0 -1E+13
-894925E+0 1E+7
6602490010384E-4 1E+14
-3833670E-6 1E+6
-596049E+0 1E+11
8878131802790040E-2 1E+11
-2E+0 1E+6
593773909304E-4 1E+0
-9249179410E-4 -1E+10
3318482436143761E+0 1E+0
924E+0 -1E+13
8E+0 1E+0
-994643497976148E+0 -1E+8
99603132011157E+0 -1E+2
267174102839282E-2 -1E+4
-2527527E-2 -1E+10
727E+0 -1E+5
-217069453696E+0 1E+9
-38177E-2 -1E+12
-4E+0 -1E+5
3630E-2 1E+7
212734762668374E-2 -1E+13
-233E-2 -1E+3
8508417637856955E+0 1E+5
76864624356110429E-2 -1E+8
-197867423E-2 -1E+12
27013415803299082E+0 1E+0
8794305694934437E+0 -1E+4
-7992E-2 1E+4
-68263382438E-6 1E+14
-723172159522002E-4 1E+2
746235954270650E+0 1E+5
-6742E-2 1E+14
-704115809516321E-4 -1E+9
-3110368430999174E-4 -1E+3
-35698212279413431E-4 1E+13
-77247E+0 -1E+11
4488289222432036E-4 1E+0
-783367224174503E-6 -1E+11
94513940050322481E+0 -1E+8
-325761428610024241E-6 -1E+15
682841239E-4 -1E+2
47640333924313E-2 -1E+1
871663973275E+0 1E+7
-9969201752E-2 1E+8
-3362876105245431732E-4 1E+1
-937193597294E-4 -1E+3
4939348559234E+0 1E+8
-99589807508236363E-2 -1E+15
100762206726E-6 -1E+12
-7200918432492745207E+0 -1E+0
9733435521243193606E-4 -1E+15
712394575592E-4 1E+6
-843310E-2 -1E+14
-4E+0 1E+6
-8812930747932000E-2 -1E+7
-558576124011849690E-6 1E+6
90751262041618821E-2 -1E+7
9584951E-4 -1E+14
128599203E-2 1E+2
685775390268E+0 1E+7
919309E-4 1E+10
81908815709310E-2 1E+8
272328833E+0 1E+4
74986072865924E-2 1E+0
53E+0 1E+11
-813526980185E-2 -1E+2
236329E-2 1E+4
-283113E-2 1E+14
384620E-4 -1E+15
-1918880361408E-4 -1E+2
-38680330E-2 -1E+0
442676920E-2 1E+14
977263659309501241E-2 -1E+9
-6E+0 1E+8
-5212323E+0 1E+15
-193523302270E-2 1E+9
4E+0 -1E+11
-1496302848754910070E+0 1E+0
45E+0 1E+15
-67E+0 1E+1
-5636912414E-2 1E+4
-594039016539613333E-2 1E+15
-61767466E+0 -1E+8
416243006946817691E-6 1E+13
3762188616E-4 -1E+9
82155018E-6 -1E+6
-310700E+0 1E+8
-264164E-4 1E+6
249579781674484400E-4 1E+8
-2481967758168388004E-4 1E+12
2153262123217167739E-2 1E+11
-5431216209304746E-6 1E+13
980191459652E-6 1E+4
13031017965576E-6 -1E+7
14191436146008846E-6 -1E+6
-7138889575903219E-6 -1E+0
-7E+0 1E+0
198158153342E-6 1E+13
-3240529E+0 1E+7
3058E+0 -1E+3
70E+0 1E+10
4029249821E-2 1E+12
-5443E-2 -1E+10
14823475395840E+0 1E+5
985443283807155292E-2 -1E+15
681042733090950E-4 1E+15
40077479472672E+0 -1E+0
-698138840133E-4 -1E+7
-9466567369612878E+0 -1E+11
380960859660E-2 -1E+12
298E+0 -1E+9
-5687039176E+0 1E+7
1062E+0 -1E+14
-40981169582404249E+0 1E+7
-6457413240763523902E+0 1E+15
30E+0 -1E+2
3409447663221061522E+0 -1E+1
545837973474E-4 -1E+12
-6249E+0 -1E+13
-84166756040248E+0 1E+12
2737414017736218E-6 -1E+13
2104E-2 1E+5
-691E+0 1E+0
-138345437415131E-2 -1E+5
-75141130E+0 -1E+13
-8E+0 1E+10
-216E-2 1E+11
-8814802377E-2 1E+2
-639925E-4 1E+4
59959119385E-4 -1E+5
-137853E-4 1E+14
-137E+0 1E+2
-2235194013145225E-4 1E+5
-54946E-4 -1E+5
2435419941E-2 -1E+5
-52785838E-6 -1E+6
49754700270E-4 1E+1
75197E+0 1E+7
-8105246170515E-4 -1E+12
63452142001E-2 1E+7
-94155E+0 1E+8
96597943487589E-6 -1E+14
432132351150E-6 1E+0
-932604810729803494E-4 -1E+6
9962542284710772E+0 -1E+10
2E+0 1E+13
5040779E-4 -1E+10
33346054295E+0 1E+3
-968391937210639572E-4 -1E+4
50729918565440E-2 -1E+13
9724666168171442E-2 1E+12
-925379404441819167E+0 -1E+1
-1229422239E-2 -1E+8
8496210802155688E-6 1E+14
60662E-4 1E+4
5639804199919300E-4 -1E+12
6904149078E-4 -1E+6
-64693913174088659E+0 1E+11
-9132486555773E-4 -1E+12
8122819377826722298E-6 -1E+11
7849453E+0 1E+11
-74055E+0 -1E+8
-396E-2 -1E+5
-256258E+0 -1E+0
86110E-4 -1E+8
-8042486218E+0 -1E+2
-199389527E+0 -1E+1
-24636521E+0 1E+7
474223116E-6 -1E+9
424561357E-4 1E+9
-66960954260873E-4 1E+9
-728331310466799E+0 -1E+13
8866657818905394E-6 -1E+12
-3814347636E-4 -1E+2
-33278163058430E+0 1E+7
2952082E-2 -1E+3
62E+0 1E+14
-3630099741261E-4 1E+2
-2481390018073114724E-2 -1E+12
-2E+0 -1E+0
6E+0 1E+10
-34691E+0 -1E+13
-914E+0 -1E+5
-768E-2 -1E+2
-939178355850716824E-4 1E+1
-6713E-2 1E+11
-9E+0 1E+4
96E+0 1E+6
40750314959076E-4 1E+0
-80488865914276839E+0 -1E+9
-93403838835E-4 1E+4
-265876439E+0 1E+9
-4404790593E+0 -1E+8
10E+0 -1E+14
96665405994566573E-2 -1E+1
-7613025514187577E+0 -1E+14
2240E-2 1E+13
-9136132627037409E-2 -1E+13
-9031388312445E-4 -1E+2
68325075017E+0 1E+6
-23678E+0 1E+5
-645095E+0 -1E+9
-4500980401997663E-4 -1E+0
5419116E-6 -1E+2
3E+0 1E+11
-72616172E+0 1E+5
-8046210006E-2 1E+8
-2E+0 1E+4
880900865E-2 -1E+2
6777165739044E+0 -1E+10
-2254821E+0 -1E+13
3E+0 -1E+7
-649E+0 1E+14
-55336721898E+0 -1E+13
919931051E-2 -1E+2
5209514328435730528E+0 1E+13
-309E-2 -1E+9
4156E+0 1E+12
-90584666963018288E-4 1E+3
1E+0 -1E+0
-4E+0 -1E+7
4E+0 -1E+0
9825760103952E-2 1E+8
651085919E-4 -1E+1
-89953860221E+0 -1E+0
121E+0 -1E+5
-4482E-2 -1E+5
619771E-2 -1E+6
-82085855183641E-6 1E+14
-65503329305316464E-2 1E+4
-7289E-2 -1E+8
643218285722E-2 1E+14
-6E+0 1E+4
-40838E-2 -1E+9
-71423566548E+0 1E+5
-514156127040858E-6 1E+8
-39E+0 1E+6
-490594E+0 1E+11
44544781715E-6 1E+0
-476203891495E+0 -1E+7
-3356760E+0 1E+14
63079115714E-2 -1E+8
-588953E+0 1E+1
64074442921E-6 -1E+8
7786753954689010009E-6 1E+7
63161E-2 1E+2
-360112E-4 -1E+11
6006E-2 1E+0
6315753E-4 -1E+5
677512875E+0 1E+3
-3690069870787977E-6 1E+15
2067773981125E-2 1E+6
-2E+0 -1E+11
7686277531999859352E-4 1E+1
7323104E-6 1E+3
-9266491156321E-4 1E+3
8515870191103034E+0 -1E+9
7638562810710E-6 -1E+3
-477195979E-4 1E+10
-5859756876980489E-6 1E+3
-25605845691482E+0 1E+12
78220538633033E-2 -1E+5
-10269442E-6 -1E+12
3120123E-4 1E+10
-8959344827E-4 1E+7
160E-2 1E+2
18E+0 1E+1
106E+0 -1E+7
-406388E-4 1E+0
7186775E-2 1E+2
173842024434128E-4 1E+7
-423632151389E-6 1E+14
-6216755546073964E-4 1E+8
9879E-2 -1E+1
-439246E+0 -1E+14
86100E+0 1E+14
-476649479E+0 1E+12
83953E+0 1E+2
448831944929395E-6 1E+12
9860010655E+0 -1E+1
-54080788E-2 -1E+15
9197567546531E-6 1E+3
88029140485927708E+0 1E+6
-54E+0 1E+1
-70066991E+0 -1E+1
2731637037736226E+0 1E+11
-52686E-2 -1E+3
3411417893056889649E+0 -1E+5
-2273970272433058E-2 -1E+0
-72337442E-2 -1E+1
58E+0 1E+13
-65172527252989E-6 1E+9
-4E+0 -1E+8
-995982921863E-6 -1E+12
-1844610731592862547E-2 1E+3
304473652539E-4 -1E+15
2111095170063847E-4 -1E+3
-882854615962230211E+0 -1E+6
-83119048821098163E-2 1E+2
-11101301320760386E-2 1E+2
-69070E-4 -1E+15
6E+0 1E+9
-7E+0 -1E+3
-516961E-4 1E+2
-7755249825929E+0 -1E+13
710226803E-6 1E+9
-838E-2 -1E+13
-802123949220880E-6 1E+1
67005E+0 -1E+8
-927152E+0 1E+12
90217477013085322E-6 1E+3
-64112516274E-6 1E+11
793638936773261706E-4 1E+9
85E+0 -1E+1
-3647795461885275E-2 1E+12
-8717878E-6 -1E+7
142E-2 1E+13
152347E+0 1E+7
-5582746E-4 -1E+12
-795861773066467E-2 1E+9
9255244E-4 1E+12
615737464977262E+0 -1E+1
281E-2 -1E+11
4162164786115918228E-4 1E+5
-6818460690109E-6 1E+14
-51751910792174773E-2 1E+8
-79548008470924E-2 1E+0
-8310740246E+0 1E+7
36638E-2 1E+11
-868E+0 1E+6
20E+0 -1E+0
-5859396835749E-4 -1E+0
61E+0 1E+10
-77435803488969E-2 1E+0
-64151796564330510E+0 -1E+8
5940509101827E-6 1E+9
-73312677E-6 -1E+7
-393585970428131E-6 1E+0
-2080702984003E-6 -1E+15
3641E+0 -1E+10
-4575362497574E+0 -1E+13
546288515761768081E-2 -1E+12
72184514371001E-2 -1E+12
728E-2 -1E+10
1662047465068435E-6 1E+7
35957881796071146E-6 1E+4
-9263116E-6 -1E+14
-73030361452593E+0 1E+10
-29664502706E-6 -1E+14
-9E+0 -1E+12
4475E+0 -1E+5
-30E+0 1E+9
-79816276289E-6 -1E+14
-25555E+0 -1E+14
2946476042684545E+0 1E+6
-7370E+0 1E+11
2E+0 1E+2
797483E-4 1E+11
-182214763E-2 -1E+11
-25527558061806446E-4 1E+2
68115483958937973E+0 1E+15
-311549673997757E-6 1E+1
725289590357887982E+0 1E+7
-3300913E-2 1E+11
-4124127543237E+0 -1E+3
310275043900947E-2 1E+7
36E+0 1E+9
96608003096181796E+0 -1E+12
185791901123974527E-4 1E+14
-70425767255810E+0 -1E+3
-7197433458144710361E-2 1E+12
-42E+0 -1E+4
3643456859294E-4 -1E+12
-29226E+0 -1E+3
-110138E+0 1E+9
84560047981E+0 1E+3
-359154472068118E-6 1E+0
303666E-2 1E+8
-5510631553222E-6 -1E+15
21400433E+0 1E+4
7E+0 -1E+9
-6776881393640E-4 1E+3
70E+0 -1E+7
519827025E-2 -1E+3
770728E+0 1E+10
9068985E-2 -1E+9
-68972E+0 1E+0
400714349140221719E+0 1E+3
74192554E+0 1E+1
-7300352544230769378E-4 1E+14
-2787892992494E-2 1E+7
434831022488108E-2 1E+1
-6320748429386151212E-4 -1E+2
38710733E-6 -1E+10
673967660659670E+0 -1E+3
-8126497E+0 1E+7
972E-2 -1E+8
-8E+0 1E+0
-14809289E+0 1E+6
-84423767970350367E+0 1E+11
-21856684E+0 1E+8
745672782951307E-2 -1E+4
19E+0 -1E+4
28012636779764225E-6 -1E+1
-32117501E+0 1E+3
9806E+0 1E+0
-61691100243948906E+0 -1E+11
296011295654844E-6 1E+3
-399203414161449714E+0 -1E+1
4130362982161010838E-4 1E+15
766816462226410328E-4 1E+4
45812536551E-6 1E+9
-9383189943E-6 1E+1
-242E-2 -1E+12
-922946629E-6 1E+6
184616963508E-2 1E+8
913650014119E+0 -1E+15
5678308193827E-4 1E+14
-21134E-2 1E+14
908565663850446E-4 -1E+11
-808436664E-6 -1E+8
6880724E-4 -1E+8
-31643E-2 1E+14
14382398480710343E-6 -1E+13
-21406461044999317E-4 -1E+11
-7243159997E-4 -1E+6
83695979153E-2 1E+8
-99E+0 -1E+11
-685550239E+0 1E+6
707241760629E-2 -1E+11
-8401856E+0 -1E+7
263797698312E-6 -1E+12
-68052482E-6 1E+9
844465758402055E-4 -1E+12
3220493780677086E-6 -1E+2
67671310785717E-4 1E+4
-5603754774533804917E-6 -1E+13
-3E+0 1E+15
6751656301E+0 1E+2
-29583693826661E-4 1E+2
9053112039E+0 1E+3
5893659339116562E-2 -1E+10
-66480068529111446E-4 -1E+6
-56E+0 1E+0
-57E+0 1E+13
8986E-2 1E+7
913218544E-6 1E+3
318E-2 -1E+8
680225312227676169E+0 -1E+6
-58851288587806509E+0 1E+6
49E+0 1E+14
942421619385E-6 -1E+13
191E+0 -1E+5
-14E+0 1E+10
-80844009E-2 -1E+10
63062E-2 1E+7
-773E+0 1E+1
-4E+0 -1E+5
-5580824141348203775E-6 -1E+13
-28289645E-4 1E+10
3963E-2 -1E+11
-9529035539630747E-2 1E+0
-47409E-4 1E+10
4072484635528551E-4 1E+6
-73619791629191E-4 -1E+5
573563988E-2 1E+3
5954280340888965682E-2 1E+10
2284E-2 -1E+5
-667435661494627035E-4 1E+8
600181835511634E-2 -1E+13
-343440E+0 1E+13
771024E-4 -1E+0
-20138805E-4 1E+0
64899E+0 -1E+5
-1531673480655656546E-6 1E+1
374728110216E-4 1E+15
95981717E+0 -1E+0
630404599270E+0 -1E+5
-664215589E-2 1E+14
-3266692429896477495E+0 -1E+5
628198075288904E-2 -1E+11
59755787366302E+0 1E+2
-50747030809145E-4 1E+6
-71E+0 1E+15
953194043447E-6 -1E+4
-97042992186E-6 -1E+15
60490E+0 1E+10
258442458E-2 -1E+10
9E+0 -1E+11
374045973E-4 1E+10
9687120314647E-4 -1E+7
-2843031383061598E-4 1E+4
39969463596E-6 -1E+12
-92051478076631E-4 1E+15
15013199069655E-6 -1E+14
253E-2 1E+4
62E+0 -1E+10
-45354441E-2 -1E+9
-7085981409640E-4 1E+12
-183772151E+0 -1E+12
-21974585E-6 -1E+6
2597131505062324E-6 -1E+5
26037975870552E-2 1E+0
-78E+0 1E+2
-7834721454753462E+0 -1E+7
-83288741E-6 -1E+6
834314286702E-6 1E+6
8370270085E-2 -1E+12
-9252150168E-4 -1E+15
947595659E+0 1E+8
-7506969E-2 -1E+9
-78248121E-6 -1E+10
875707327E+0 -1E+14
9E+0 1E+11
69265256E-4 1E+7
13132650624416E-4 -1E+9
-8162E+0 1E+4
-1159725564E-2 1E+11
-5797997588E-4 -1E+15
-83840736280755480E-2 -1E+10
-43428884621E-2 -1E+0
-1003707557E-4 1E+13
12537E+0 -1E+7
227656125030972E-2 -1E+1
46828E-2 1E+7
71495E+0 1E+5
-94293036291E-4 -1E+8
625151E+0 1E+12
-7486000080622367E-6 -1E+11
3040674232641003E-6 1E+8
44634E-2 -1E+11
6999797420524E-6 -1E+7
7182501134524633E+0 1E+7
-8193187536781986625E-6 1E+5
-6989590E+0 -1E+15
-68E+0 1E+3
-89809630921348E-6 1E+14
-5E+0 -1E+13
6113701172329490691E-4 -1E+6
-1533383E-6 -1E+5
62990020781574872E-6 -1E+3
372E-2 1E+3
-98344E-4 1E+6
-479420472E-4 1E+2
-4721788081969E-6 -1E+4
35706196767896209E-2 1E+10
-97299E-2 -1E+1
-926360E-4 -1E+14
-11103391224168645E-2 1E+2
23633353E-6 -1E+7
93021647E+0 -1E+14
430761893835985061E-2 1E+5
628E+0 -1E+2
164316239118298E-4 1E+0
668766E-4 1E+5
87880927E-2 -1E+5
-19E+0 -1E+10
52375249801581E+0 -1E+9
2E+0 -1E+13
-31E+0 -1E+2
-30111981755E+0 1E+7
-295237004203141970E-4 1E+9
608507322960E+0 -1E+4
8795281405750E-2 1E+4
-5067145281343E-4 -1E+10
4870E+0 1E+8
6517237047697812E-4 1E+10
7853E+0 1E+1
89375183617854E-4 -1E+10
660366863060E-6 1E+15
-37011E+0 -1E+6
-7310528765633282E-4 -1E+11
-9505E+0 1E+2
-951109E-4 -1E+7
-75504307E-4 -1E+13
-9898482417173E-6 -1E+2
4378675383901361E-6 -1E+11
-47151588153303969E-6 1E+3
84736771649E-2 1E+9
8416036809E-6 1E+6
653316461997048063E-6 -1E+8
-931890E-4 1E+9
704840837096E+0 1E+9
-30174183549517E+0 -1E+2
5443078980188481073E-4 -1E+0
-372E-2 -1E+4
492627243E+0 1E+14
454488361772E-2 -1E+9
-127451E-4 -1E+13
-753674701458E+0 -1E+14
-4778969320E-4 -1E+12
-4515416262925E-6 -1E+4
-801700868703397E-2 1E+8
-491271244E+0 1E+1
6491936E-2 1E+8
-2949900516908099E+0 -1E+4
7773842886424E-6 -1E+5
6933489022189387052E-6 -1E+13
6868158E-6 1E+1
836E+0 -1E+9
-5729519304575779097E-2 -1E+15
9090145489329353127E-4 1E+6
3198772465040E-4 -1E+10
7677770461768766E-4 1E+0
229E-2 1E+13
-848E-2 1E+15
303739E-2 -1E+4
2232554732479E-4 1E+5
-3394229708E+0 -1E+7
-8714687175095531E+0 -1E+4
-9324E+0 1E+1
-7E+0 1E+3
-9353505131431364E-2 1E+14
21451908722442E-6 1E+11
684538979E-2 -1E+6
-724E+0 1E+10
-905E-2 1E+13
-52851328226E-6 1E+4
-46697152602E-2 -1E+13
-6587217E-2 -1E+14
3513624596424795525E-4 1E+11
83224029550339589E-4 1E+15
73206988E+0 1E+8
253410246145067271E-6 1E+5
24526E-4 -1E+13
-4427056E+0 -1E+4
-664E-2 -1E+0
52E+0 -1E+0
2414E-2 1E+14
-67641110660E-6 1E+14
2172183E+0 1E+2
212258333579922920E-6 1E+8
-565609619922937674E-6 1E+0
3272264667363438372E+0 1E+14
2E+0 -1E+10
271E-2 1E+10
-903E-2 -1E+9
-709457E-2 1E+13
583628826547049993E+0 1E+8
-128561237499138E-6 1E+10
329E+0 1E+15
478747329701662859E-6 1E+5
-1432133469E-6 -1E+11
-249384184639104E-2 -1E+1
7375740337E-2 1E+7
7979961793097E-2 -1E+6
-2E+0 1E+4
702511695738766E+0 -1E+6
725E-2 1E+7
391E-2 1E+3
69385878E-2 -1E+8
-49E+0 -1E+15
-57147982054E-4 -1E+13
6881847536377E-6 -1E+7
51077166450E-4 1E+15
69E+0 1E+8
-4338827986218283066E-2 -1E+10
-168149593E-2 1E+10
8116947269748778394E+0 -1E+1
10078634414E-4 1E+15
13E+0 -1E+10
-90222221E-6 -1E+6
4771156682912438072E-6 1E+3
291232434093660E-4 -1E+7
-7329575587736772869E-4 -1E+10
704829759E-4 -1E+11
974039122E-2 -1E+7
526286368E-4 -1E+11
4448190E-2 1E+5
-9894177E-6 -1E+5
7137808881205305E+0 1E+11
21373744667E-4 1E+4
58443E-4 1E+5
-4087245396416530E-4 -1E+11
-647932684393637761E-2 -1E+6
-91238970248E+0 -1E+13
-4386E+0 -1E+10
-533186E-2 -1E+12
-21E+0 -1E+12
3354627805299656E-4 -1E+0
-1765719938679333214E-4 -1E+5
7353746657299350E+0 1E+6
822298E-4 1E+15
103E+0 -1E+2
-890391623E-2 -1E+1
-8876223E-6 -1E+6
-3100096994E+0 -1E+5
-9067375409044692311E-4 1E+15
48399206039460E+0 1E+14
-55113E-4 1E+4
-882289914130779E-6 -1E+4
-13587055541087889E+0 -1E+5
-887615240692608917E+0 -1E+9
-798147469163E-2 1E+13
620107E-4 1E+1
4057105914829325474E-6 -1E+8
127979774909323E-6 1E+2
-4440192147076716E-2 1E+2
-8249E-2 -1E+5
-3216267751E-6 1E+10
-19971824426E-6 -1E+2
7240820E-6 -1E+12
-656E-2 -1E+9
-241599E+0 1E+3
-5384899E-2 -1E+8
793437063E-6 1E+11
3822505E-2 1E+3
669077479242E+0 -1E+6
476267E+0 -1E+7
7335371500799429E-6 -1E+11
525193E-4 1E+4
-2E+0 -1E+15
5178355820E-4 -1E+10
7829047698E-6 -1E+3
3201831784174986E-2 1E+7
-81E+0 1E+6
4106198534258523265E-6 1E+4
-334E+0 1E+10
146489012027E-4 1E+5
-4E+0 -1E+2
-4539071E-2 1E+12
759E-2 1E+0
189440485070E-6 1E+10
-414486098513429192E+0 1E+5
430757001179142556E-6 1E+14
-87655061762528E-6 1E+14
4E+0 -1E+13
-529170E+0 1E+6
596300475E-2 1E+5
37571E+0 -1E+13
-567331337704963373E-6 1E+4
-80722196471207571E-6 -1E+6
-5219782848E+0 1E+14
-393E-2 -1E+1
75325001E+0 1E+0
4779653050E-4 -1E+3
444792E-2 1E+13
5954489E-2 1E+1
-3929967072219E-6 1E+14
-41623420188E+0 -1E+4
-47785117255E-6 -1E+2
-633816565E-4 1E+8
-23E+0 -1E+4
430E+0 1E+10
-277311E+0 1E+13
57665053E-2 -1E+11
5E+0 -1E+10
22269656630437E+0 1E+15
-9E+0 -1E+7
-28154081578543252E-6 -1E+3
-6116902430538E-4 -1E+13
2784877337140E-4 -1E+6
-744165464603E-6 1E+7
943414E+0 1E+7
308876000E+0 1E+3
-10201224E-2 -1E+6
4400424106641329168E-6 -1E+11
11E+0 1E+10
-9881E+0 -1E+6
234827505082859525E+0 1E+1
6E+0 -1E+6
9455445E-2 -1E+4
-833E+0 1E+6
715620E-2 1E+10
19355883724E-6 1E+2
-99258565447487E+0 1E+8
9E+0 -1E+12
-9132484658E+0 1E+13
739070255691E-6 1E+12
-358267353386947044E-6 -1E+7
-6378605201079E-6 1E+4
35E+0 1E+15
-1335238E-4 1E+12
7042671358E+0 1E+0
7436010822063557739E-6 1E+3
82346E-2 -1E+2
1869520134E-6 1E+9
-657E-2 -1E+11
-222348785616E-4 1E+5
-4926E+0 -1E+0
18018607E-2 1E+8
582333863351E-2 1E+5
-765E-2 1E+14
6974144045E+0 -1E+6
817E+0 -1E+10
-14184E-4 -1E+4
4856315925E-6 1E+11
4688800E-4 1E+8
313251692725113E-4 -1E+3
692E+0 -1E+5
-91937E+0 -1E+0
-54275068821022249E-2 1E+15
-7100E+0 -1E+5
513E+0 1E+13
62507251269645E-4 -1E+4
52592863710882374E-2 -1E+15
-7E+0 -1E+9
-6554157392121979344E-2 -1E+8
-22502783172854E-6 -1E+6
35936E+0 1E+7
1250547257355186233E-4 1E+3
-1832808733238E-2 -1E+11
-1187937551636E+0 -1E+13
67825337500E-4 -1E+4
-686859E+0 1E+1
741112323141245E-2 1E+4
1391914402896408E+0 1E+5
-245397107248603E-4 1E+6
-715E-2 1E+4
656475347E+0 -1E+2
2479539E-4 1E+1
-5883646459E-6 1E+8
-36238E-4 1E+9
7971023313E-4 -1E+3
-472810813E-4 1E+13
8963E+0 1E+12
46E+0 -1E+5
776E+0 1E+8
290727E-4 -1E+8
-9924459425E+0 1E+12
-4879281024475877872E-6 -1E+11
-139794182326E-6 -1E+8
588580E-2 1E+0
1350E-2 1E+14
-412E-2 1E+15
595E-2 1E+1
-868472729E-4 1E+13
34752443E+0 -1E+13
-1723971E-2 1E+4
-8729E-2 -1E+13
4411E-2 1E+14
-61987E-2 1E+14
-57533921E-2 1E+14
-671483179333E+0 1E+15
835450E-2 -1E+7
5407043E-6 -1E+14
-78294341341E+0 -1E+15
83859781200166E-2 -1E+13
-419289E+0 -1E+0
-7038624045793370E-6 1E+10
-264692008E-6 -1E+7
75032023E+0 1E+4
-57525E-4 1E+7
7933124124E-4 1E+15
-228544E-2 1E+3
1E+0 1E+11
9998E+0 -1E+7
-27255626252692E-6 -1E+1
-6E+0 -1E+13
3549E-2 -1E+9
80E+0 -1E+7
8807840542E-6 -1E+12
5190548848475704478E-4 1E+4
-46722900374781234E+0 1E+2
3227941318E-4 -1E+7
185379095344936E-4 1E+6
-7715974561E+0 -1E+6
-88726732552573230E-2 -1E+11
243E-2 1E+7
-9119641913849367E-6 1E+0
-6895709718193E-4 1E+8
93250323E-4 -1E+8
-822E+0 -1E+1
-6E+0 1E+14
-2386079015384076E+0 -1E+2
511476729E-6 -1E+3
7985489E-2 -1E+9
656620420993E-6 -1E+7
54831229E+0 -1E+9
634254E-4 1E+9
-9413956344E-4 1E+11
854789E-4 -1E+7
25462668540852704E+0 -1E+9
-6713909508137768283E-4 1E+6
509E+0 1E+4
-92677500456201E-6 -1E+9
-456943972864210E+0 -1E+0
-49092855739234E-2 -1E+15
-4695584179188927823E-2 1E+9
66510E+0 1E+12
-8E+0 -1E+10
2647041E-2 -1E+6
-6508043855E-4 1E+15
21949388090911893E-4 1E+12
485454025E+0 -1E+10
-97270267963E-2 -1E+4
40949665234E+0 -1E+12
876969E-2 1E+3
5828902819803961E-2 1E+3
-4660071626196339411E+0 1E+7
-85424976441781E+0 1E+0
866E+0 -1E+15
758E-2 1E+7
-25322413533E-2 -1E+10
4E+0 1E+10
-7955701E-6 -1E+1
-96478174235552E-2 -1E+10
3233683E+0 1E+3
1080096286359697536E+0 1E+3
12397291063E-2 -1E+5
-94E+0 -1E+8
652709683739E-2 -1E+15
-3471610526347741110E-4 -1E+12
-2415016316130209037E-6 -1E+9
-293342E-2 -1E+2
13122018659468E+0 1E+6
107221707928E-4 -1E+2
-518035291E-4 1E+14
376680300775E+0 1E+1
-1730550926274E-4 1E+10
657515148446E-2 1E+11
-45445314449031E-4 -1E+9
-598486072263E+0 -1E+9
-9424496646E-2 1E+3
-8346045484559682E-6 1E+9
6726474441682059346E-4 -1E+11
484207204661753167E-2 1E+13
-86625E+0 -1E+12
59E+0 -1E+9
9764752291086310E+0 1E+1
2196E-2 -1E+0
7771162256136E+0 1E+3
-9540930249361E-6 1E+3
857330564E+0 -1E+15
1933990539656455977E-6 1E+15
-635784208952032676E-4 -1E+14
-461E+0 1E+0
-831876292E-2 1E+11
-20136608915E-6 -1E+0
5E+0 -1E+9
549E-2 1E+4
-3E+0 1E+0
564853125E+0 1E+5
-894648697446564881E-2 1E+2
-824677680249600501E-2 -1E+6
9750E-2 1E+7
982568409186101281E+0 1E+9
452980552043689E-6 -1E+14
2E+0 1E+8
5502859425E-2 1E+14
57331665E-2 1E+11
-9496256182E-4 -1E+15
6902273E-4 1E+7
-3158155065E-4 -1E+0
22198026246915366E-4 1E+8
-2367E+0 -1E+2
-26009734898294E+0 -1E+14
-7291E+0 1E+11
-1867787E+0 -1E+14
451568637313E+0 -1E+4
731E-2 -1E+13
4030418511036836E+0 -1E+4
-4143499E+0 1E+6
-131406425415178E-2 1E+5
-800053E-2 1E+12
-139151449539E-2 1E+6
-2E+0 1E+8
-661209E-2 1E+7
-96671121558163033E+0 -1E+14
56121E+0 -1E+12
-22124850486335264E-6 -1E+2
5E+0 1E+9
-52696036354418E-6 -1E+4
76329338254415089E-4 -1E+8
-229126523806159E-4 -1E+15
-5089704E-6 -1E+14
-626E-2 -1E+15
-38004815742801E+0 1E+3
-935E+0 1E+14
-8768116826472003501E-4 1E+0
450983357928119E+0 1E+9
-1349648257218660E+0 -1E+7
-7316459308262E-6 1E+0
-2961981327E+0 1E+15
-139759711488967E-4 -1E+4
83E+0 1E+7
9E+0 -1E+0
-794715618792E-6 -1E+6
-315442357185E-6 -1E+15
-15402E-4 -1E+5
-1610770938E-6 1E+8
9720793717355030E-4 -1E+8
-47120754914730806E+0 -1E+0
65185973206783E+0 -1E+13
-5925207021730E-6 1E+9
44272646615478000E-6 1E+6
16090002618100E-2 -1E+14
-7338861589E+0 -1E+6
-5E+0 -1E+7
-80594300310026363E+0 -1E+3
-997720E-2 1E+0
-6651405833593930E+0 1E+12
-58695242936529096E+0 1E+9
9350565053818600E-4 1E+11
-5733539458E-6 1E+3
83569850E-2 1E+1
93540E+0 -1E+7
7E+0 -1E+3
60800096624831802E-6 1E+3
-730545869736212579E+0 -1E+7
-36351834012371E-4 1E+15
550767818201E-2 1E+0
-64E+0 1E+8
75964966860470930E-2 1E+10
-7E+0 -1E+0
644018122895568E+0 1E+14
6766E+0 -1E+14
507188838762870E-2 1E+12
5E+0 1E+5
1895497E-6 -1E+1
-3766051756149553E-6 -1E+5
9E+0 1E+12
39240E+0 1E+5
-58767751E+0 1E+10
867078607E-2 -1E+0
64431865083654E-4 -1E+5
9E+0 -1E+12
-109420201129153812E-4 -1E+14
-5224168255061E-2 1E+4
-140236E-4 -1E+2
5E+0 -1E+7
-754143352811E-6 1E+12
96111468961183E-2 -1E+0
-9698417887011E+0 1E+6
-9491E-2 1E+8
100783690E+0 -1E+8
-505E+0 1E+8
28084307662E-4 1E+6
624136040E-4 1E+1
300903216372E-4 1E+7
-270181029962775260E-4 1E+9
4720469824380248613E-4 -1E+7
-63930241422E+0 1E+3
-1804395313896231135E-2 -1E+10
-13023835E-2 1E+10
367986704792E-4 -1E+14
-815443323400438778E-2 1E+2
2788274387883E-2 -1E+5
26426146949458E-6 1E+15
7797618205319E-6 1E+11
6839E-2 -1E+7
-367699728227617891E+0 -1E+10
-416E-2 1E+15
5436691449229E-6 -1E+7
-253992357985E-4 -1E+14
511091963544663E-4 1E+15
-3272291107E-6 1E+12
-261676E-2 1E+0
-22277E+0 1E+5
40249072635838E-6 -1E+12
7351952699874E+0 -1E+0
110570246450771E+0 1E+8
9423186725503144E-2 -1E+12
819E-2 -1E+8
-1606645988991E-2 1E+11
412714428099841E-2 1E+12
-15482368041796E-6 -1E+15
-277E-2 -1E+10
67435564444995E+0 1E+9
-9796E+0 1E+7
721309052578497E-4 1E+5
-37235282E-2 -1E+3
41E+0 -1E+8
6E+0 -1E+0
-1078E+0 -1E+14
-4700165077144665E-6 1E+4
-90E+0 -1E+13
16E+0 -1E+10
6054811121398816E+0 1E+12
995659153223498E+0 1E+15
-23104053675571E+0 -1E+1
45768936E+0 1E+12
71748E+0 -1E+9
-519E-2 1E+7
122220020E-4 -1E+10
-50526E-2 1E+14
-17745E-2 -1E+5
53217476805454573E+0 1E+11
151E-2 1E+9
-90181E-4 -1E+9
432229384680E-4 1E+14
-9033666E-4 -1E+14
-3308E-2 -1E+3
-287074016343852E-4 1E+9
-959634E-4 1E+3
-5146250E-2 -1E+11
-2788519074753032356E-4 -1E+1
-7898E-2 1E+8
7712981628112552E+0 -1E+11
-874374386176011E-6 -1E+7
563615289696966E-6 1E+10
8708301057841E-2 1E+15
350989877826014412E+0 -1E+7
204317599E-2 -1E+10
2119340071431286E+0 1E+3
32464648E-2 -1E+7
95206587422929E+0 -1E+1
598401438981E+0 -1E+0
-5144049020E-6 -1E+5
7862288181E-4 1E+5
4857E-2 -1E+0
-835340115E+0 1E+1
94363133E+0 1E+0
174374869150056307E-2 1E+8
45124365E-4 -1E+15
5E+0 1E+10
7751073E-4 1E+4
-119365112478783181E-6 -1E+10
393435E-2 1E+5
69169884588165E-2 1E+3
29614E-2 -1E+8
-8348366E-2 -1E+10
-716E+0 -1E+7
-91E+0 1E+3
7800324663E-6 -1E+9
-265438632765768E+0 1E+11
-299727851896E-4 -1E+10
-247799568766812867E+0 -1E+9
9E+0 1E+5
-606E-2 1E+5
606031066220044769E-4 1E+9
-51488463641E-2 1E+12
6863754325E+0 -1E+11
965877467646E-6 1E+14
5819762222959717804E-2 1E+14
-6972450E-4 -1E+15
4406061669E-4 1E+8
-9972802E-6 -1E+14
-356620191037E-2 -1E+3
6308E+0 1E+7
-776279492253E-2 -1E+10
24603431914E-6 1E+2
-3431E+0 1E+14
-47606171E-4 -1E+7
13869373E-2 1E+9
-492003078682E+0 -1E+9
-8802656E+0 1E+2
-66E+0 -1E+5
70E+0 1E+2
234582969125023309E+0 -1E+5
-612951580E-4 1E+5
527350949936923E+0 1E+0
5297515713279422E-6 -1E+0
-5706262433241E-2 -1E+0
-5222E+0 -1E+12
-323334409712274E-4 1E+2
465343E-4 -1E+1
4360297860000E-2 1E+13
678283321148E+0 1E+13
-668E-2 -1E+1
733580708197134616E+0 1E+13
-561810737442460745E+0 -1E+5
-72327155241E-6 -1E+8
814193560120936564E-6 -1E+10
-502249E-2 -1E+14
-566563458E-2 -1E+8
26508756178E+0 -1E+10
-4142449977157732E-2 1E+14
23270362645125E-2 -1E+14
3334414963114E+0 1E+8
-64143737752283534E-4 -1E+8
24245581E-2 -1E+13
163153497694625730E-4 1E+5
-33666598389210E-6 1E+10
-94E+0 1E+11
8004852188E-6 -1E+4
43484E-2 -1E+8
-59067337E-4 1E+7
-2909940403323E-6 -1E+11
-9236887E-2 1E+9
-5129371318E-6 -1E+5
4943114332E-2 1E+10
-973492589768E-2 1E+7
46276644E-2 -1E+6
15412750E-4 1E+10
-5332114E-6 1E+0
-799548591816E-2 -1E+9
-811420344340126E-2 -1E+13
-85160434603605E-2 -1E+2
2699E-2 -1E+14
-9479988E-6 1E+15
-70914374878340024E-6 1E+9
-796569819186540215E-6 -1E+8
7520795767077E-2 -1E+4
940235412334624E-6 -1E+13
-36496401E-4 -1E+2
998908910E+0 1E+1
-4895666944777E-4 1E+15
74000040E+0 1E+12
-1104946935894E-4 1E+1
-6683470190140173352E-4 1E+14
134E+0 1E+13
-492271531E-2 1E+15
5967E-2 -1E+5
1153553738839015E-2 -1E+3
-5E+0 1E+4
3732081E-6 -1E+7
-10758385280821450E-2 -1E+7
-4276389E+0 -1E+12
-770E-2 1E+1
46281997985386E-2 1E+4
63013512691E+0 -1E+13
-535399722589E+0 -1E+9
7E+0 1E+2
-3733283621E-4 1E+6
3718282235303194E+0 -1E+13
3551057692554892E-6 -1E+15
20166548608E-2 1E+5
368632E-4 1E+1
8416E+0 -1E+6
-47832921150E+0 1E+5
-76195551689E-6 -1E+9
433310818601306698E-2 1E+15
-88447454E+0 -1E+11
-89651445171E-6 1E+3
6388376982556780E-2 1E+8
-224426E+0 1E+2
59303143625134499E-6 -1E+10
-2812157188149E-2 -1E+11
401557457455E-4 -1E+10
-482254145699E+0 -1E+15
56E+0 -1E+13
-51505501083E+0 1E+12
-5556855E-2 1E+8
198868064924392876E-2 1E+2
3667918785E-4 1E+6
580031273467493277E+0 -1E+7
93550E-2 1E+14
-10662977456997E-2 -1E+11
10539242141E-4 -1E+4
568E+0 1E+0
-4917890458872E+0 -1E+5
5848E+0 1E+15
-961999267649E-6 -1E+2
5392358852E-6 -1E+4
-7E+0 -1E+8
275238683E-6 1E+5
167891294E-4 -1E+13
16321356219232E+0 -1E+2
7801508E-6 1E+0
-17877404256752772E+0 -1E+1
-838922E+0 1E+11
578848394E-6 -1E+14
-949091E-2 -1E+10
4155579227E+0 1E+12
920748994376E-6 -1E+2
-87506021410606E-2 1E+7
-6499E-2 -1E+13
8E+0 -1E+7
35745140865638E-4 -1E+14
672966561834955E-2 -1E+1
3557795E+0 1E+13
330407213138461410E+0 -1E+15
33136047168E-6 1E+9
680252872000924454E-4 -1E+2
99677118814633250E-2 -1E+11
5155738E-6 -1E+11
-3222313E-6 -1E+3
1573772690672066576E-4 -1E+0
-3552118E-6 -1E+13
-4642043855750397949E-6 1E+11
8328754577181306634E-2 1E+5
-590782183777011E-2 1E+8
952870907587837866E-2 1E+14
917496609323E-2 -1E+8
282359755711261358E+0 1E+12
338616E-4 1E+9
-42846483385E+0 1E+7
-2E+0 1E+0
-65954E-4 1E+6
485E+0 1E+11
-7E+0 1E+7
-88072780273590180E+0 1E+0
10086338E+0 1E+8
77407223928E-4 1E+14
-9456760463733307E-4 -1E+10
-958626512486482E-6 -1E+13
3463845E-2 1E+11
-33627E+0 1E+1
-92440353131368571E-6 -1E+12
-71516201386685929E-2 -1E+14
-998978E+0 1E+14
-826808E-4 1E+3
-348360403420E-4 1E+14
35399335E+0 -1E+1
-59092704320595945E+0 -1E+12
-518E-2 1E+8
93904027819E-2 -1E+4
5550E-2 1E+3
-27627540014679E+0 -1E+14
-961934381E-6 -1E+8
51E+0 -1E+3
1899768487E-2 1E+7
-64055E-4 1E+7
-964E+0 1E+2
528129441E-4 1E+0
-82215E-4 -1E+2
2E+0 -1E+11
-968216E-4 -1E+14
5509651E-4 1E+12
-30993919E-6 1E+10
-64514619470560E-6 -1E+3
-233521433E+0 1E+14
-316058120388656E-6 1E+15
814211E+0 1E+10
1606465000530299583E-2 -1E+11
98967823527006115E-2 -1E+13
9218187648321815719E-2 1E+7
5165258759550662E+0 -1E+1
-3E+0 1E+7
6737770395960E-6 -1E+5
-428E-2 1E+11
802202630627E-2 1E+6
1058E+0 1E+12
708E+0 -1E+4
4770107E+0 -1E+14
-10189358E-6 1E+1
-33372488920206306E-6 -1E+9
-10E+0 -1E+9
-362164608216E+0 -1E+9
329160854710449E+0 1E+10
-14E+0 -1E+5
-65962675502730E-6 1E+5
-2760950203120429092E-6 -1E+13
3635E+0 1E+11
-515110975E+0 1E+15
911854181E-2 -1E+12
-2E+0 1E+15
-428746896241029E-4 -1E+15
74628873374E-2 -1E+5
6829197135762370E+0 -1E+14
-55793350E+0 1E+1
876860583E-6 1E+3
5653E+0 1E+0
732145676245E-6 -1E+11
-196E+0 -1E+0
-808339550442E-6 1E+12
-622873239E-6 1E+9
50258266512E-6 -1E+11
-545E+0 -1E+2
-446633786645E-2 -1E+2
-67063607E-4 -1E+4
6E+0 1E+11
-14E+0 -1E+10
24216180291037938E+0 1E+10
-75E+0 1E+6
-7E+0 1E+12
-617708163E-2 1E+12
286413E-2 -1E+7
96E+0 -1E+10
-1312015779437E+0 1E+3
9036685928456E-4 1E+15
-9599E-2 1E+0
135344E+0 -1E+3
-157453784088241E+0 1E+13
4951591E-6 1E+13
-3647E+0 -1E+6
977926E-2 -1E+2
840592387640E-6 1E+3
-818232029343944E-4 1E+4
-54118359E-2 -1E+12
48826E-4 -1E+0
611633E-2 -1E+15
363839312987678E-6 -1E+15
1501191009734E-2 -1E+2
-7841141E-4 1E+4
45E+0 1E+4
143202963842282E+0 -1E+10
-357999208984855E-4 1E+15
-20476430E-4 1E+12
167922366167968E-4 -1E+3
85870990315871E-2 -1E+14
2E+0 1E+10
-877204652820E-4 -1E+2
884844E+0 1E+5
7065853326E+0 -1E+7
-270E-2 1E+10
-8574334214567439622E+0 1E+3
-94413931643482759E-6 -1E+2
3646052E-2 1E+12
11192109E+0 1E+8
55869880914124E+0 1E+6
485318315133439733E-2 -1E+15
-7326288E-4 1E+6
878048564E+0 -1E+10
29480195E-6 1E+11
-35877297E-2 1E+2
-14831424658651E-4 -1E+9
95083E-2 1E+0
16488167E-2 -1E+15
2895824647760904E-6 1E+8
-498160818246E+0 1E+13
-3906473857807E+0 1E+4
8266E-2 -1E+8
-1091539112705040848E-4 -1E+2
-590675E-2 -1E+1
5872E+0 -1E+2
42892520968E+0 -1E+1
206908349836E-2 -1E+4
91669349052615E-2 1E+9
-7938958212E-6 -1E+8
846126849516616321E-2 1E+3
126534245073208E+0 1E+6
992156628422340E+0 1E+11
-80785296032627805E+0 -1E+10
-400054E-2 1E+11
-2776940378354E-4 1E+2
-1E+0 -1E+10
-877374247E-2 1E+8
-538467E-2 1E+10
-666734492654E-4 -1E+0
-71E+0 1E+9
-5908098522E+0 -1E+1
9379668522433497E+0 -1E+0
398347E-2 -1E+10
-3331122661066E-4 -1E+12
-9435411740E-2 -1E+7
-18028758130541895E-4 1E+15
1309156800188941E-6 1E+9
-9121E-2 -1E+13
74115895214E+0 -1E+4
-8180600887885E-2 1E+6
34049054E+0 1E+9
7052296411E-6 1E+4
-581E+0 1E+11
-533E-2 -1E+7
-519E-2 1E+11
989506E-4 -1E+9
-93235E-4 -1E+12
-7741087246983E+0 -1E+8
8685838627356934967E-4 -1E+0
-205474812100363E-2 1E+1
7885661071455E+0 1E+7
-5184138176E-2 1E+1
-81894E-2 -1E+3
107212904E-4 -1E+13
-979E+0 1E+15
26395E-2 -1E+12
54E+0 -1E+14
-5276909685084E-2 1E+6
1733978E+0 -1E+5
-2145925031195696596E-2 -1E+15
86770E-4 -1E+12
-43109400587E-4 1E+1
965414E-4 1E+14
3667921872183778917E-4 -1E+7
-1238484634E+0 -1E+5
14203E-4 -1E+3
-28E+0 1E+2
-87204053722034E-6 -1E+3
803790E-2 -1E+15
3512121673713E-4 1E+6
33672399237E-4 -1E+6
-28956E-2 1E+9
-44612147239694E-4 -1E+4
-647787E-4 -1E+8
-9386890223663035975E-4 1E+8
-224066385E-4 1E+13
3409E+0 -1E+1
-5287E-2 -1E+6
5402450473078519382E+0 1E+11
-62612319945333124E-2 -1E+6
54132E+0 1E+11
9003833153294805750E-2 -1E+10
-607875297863012813E-2 -1E+11
362973E+0 1E+0
-729E+0 1E+0
237E+0 1E+1
439285312593328308E-2 1E+4
8793318E-6 1E+2
-1E+0 -1E+14
8506158E-6 -1E+15
41413063537516801E-2 -1E+12
-88E+0 1E+3
768119218075E-2 1E+8
42E+0 1E+5
-141334992E-6 -1E+12
9E+0 -1E+12
-9697E-2 -1E+4
813016E+0 -1E+11
1462424214E-6 1E+12
-93720222624049E+0 -1E+5
-45587228523E-2 -1E+9
-192566063E-6 -1E+10
77082657298737E-4 -1E+3
-6306577E-6 1E+13
8E+0 1E+0
-4727798614E-6 1E+2
-56537E+0 1E+14
-43003327931591E-4 1E+0
7464194286743E-6 1E+1
780511142E-6 -1E+0
-6731969E+0 1E+14
-769558839E+0 1E+8
-728194864E+0 -1E+7
5E+0 -1E+12
7040481480864375E-2 1E+0
3301295854E+0 -1E+5
4E+0 -1E+11
2307064E+0 1E+0
589267080270423E-6 1E+6
-8817610201021E-2 -1E+11
21E+0 -1E+11
6541986E-6 1E+2
-101E+0 -1E+9
-4083498587E-6 -1E+14
59773340E-4 1E+13
47641107441E-6 1E+3
6E+0 -1E+5
-868780865E+0 -1E+15
66817944153539246E-4 -1E+15
-654E-2 -1E+15
55655813657013E-2 -1E+8
-6E+0 -1E+14
-3868E-2 1E+9
-181459795543E-2 1E+0
65E+0 1E+7
499903121E-6 1E+6
517E-2 -1E+2
-169128453E-6 1E+12
5929E-2 -1E+1
-554334171891E-2 -1E+14
-1077236723E-2 -1E+8
-14955145782393346E-4 -1E+3
-66E+0 1E+2
6715854508661300736E+0 -1E+6
-817486915389456E-6 -1E+8
13453451151642E-2 1E+7
-2287757059E+0 -1E+4
-846613153E+0 -1E+15
4780107E+0 1E+12
-4628888764E-6 -1E+15
-4999618577045625977E-2 1E+12
808699184249E-2 1E+6
-39682296669103584E-6 1E+5
-30525774907245E-2 -1E+2
-2886560419412248903E-2 1E+9
9972012204E+0 -1E+9
75413E+0 -1E+10
-4481982796E-4 1E+4
-7303E+0 -1E+12
3217296677E-2 -1E+6
90610502621448296E-6 1E+0
-5922752537409096905E-6 -1E+12
32203E-2 -1E+4
-79519554E+0 -1E+13
-76986270321068563E-2 -1E+6
-600165157638496E-6 -1E+13
9E+0 -1E+4
-993965493189E-2 1E+13
9645275265E-2 1E+12
-203897551014770E-4 -1E+13
5531949411887896220E-6 -1E+15
115025831E-6 -1E+2
4132487164769178E-4 1E+12
-2096881261734E-2 -1E+7
9927690887E-4 -1E+2
-978762E-2 1E+1
-3E+0 -1E+9
755292167874539E-2 1E+2
-201598442E-4 1E+3
3535898752497428E-6 -1E+1
-594E+0 -1E+15
673552119983E+0 1E+5
960744942448988535E+0 1E+12
7678802902560501654E-2 -1E+12
-515907174E+0 1E+15
-8636421071779233415E+0 1E+2
774806552E-4 1E+14
3E+0 -1E+4
978129494323653E-6 1E+5
695E-2 -1E+4
7030032E+0 -1E+14
25616431E-2 1E+12
-66983082E-2 -1E+15
9397204811645755E-2 1E+6
6110021381E-2 -1E+13
-2282476300493093E-4 -1E+4
1187456962942873E-2 -1E+3
-3234023178405323636E-4 1E+1
-54698890979391E-2 1E+9
-71E+0 1E+6
518714088282636334E+0 -1E+2
-5E+0 -1E+14
-498369916992E+0 -1E+4
-98673678933E-4 -1E+6
627429473E-6 -1E+13
-97084475542E-2 -1E+2
-361522390E-2 -1E+8
381E-2 -1E+5
-4462411269896E-4 -1E+15
6236543630779484303E+0 -1E+13
-167E-2 -1E+11
-579322424E-4 1E+3
7682543042E-6 -1E+11
49774673444E+0 1E+12
-307E+0 1E+9
-7820222399830086776E-2 1E+4
405546415493E-2 -1E+11
2147122560528262E-4 1E+3
-940926688464159819E-6 -1E+15
82342E-4 1E+2
31481443912807E-6 1E+9
-707135E-2 -1E+1
61E+0 1E+0
24014125E-6 -1E+6
735336600656497174E-2 -1E+13
-179633E-4 1E+2
-36575171E+0 -1E+3
122677819E-4 -1E+1
-69639838E+0 -1E+8
50E+0 -1E+5
616414E-2 -1E+2
3898262514376369128E+0 -1E+1
-87165513335429787E-2 -1E+0
44157E+0 -1E+13
9114099149E+0 -1E+13
61948E-2 -1E+7
5E+0 1E+2
-2943290E-2 -1E+1
339284806598E-4 -1E+4
-81219670E-2 1E+7
8828332324005847396E-4 -1E+2
-94516E-4 -1E+11
41276500E-4 -1E+10
94388045052E-4 1E+5
4044175570848E+0 -1E+9
-261710454715E-4 1E+6
496172779850597793E+0 -1E+12
-881E+0 1E+0
56158314659206E+0 1E+13
944843E-4 -1E+13
850E-2 1E+4
-3267E-2 1E+0
8757947819069937964E-2 1E+11
-3E+0 -1E+1
-81E+0 1E+6
560E+0 -1E+8
9824360311377141758E-6 -1E+9
7913136569055513141E+0 -1E+4
-4444578177655910E+0 1E+1
-8567409212E-6 1E+6
11846405E+0 -1E+10
-64729121906E-6 1E+10
-75581946482E-2 1E+9
306338365E-4 -1E+13
201726981607E-2 1E+1
-443467073704E-4 1E+6
169252565E+0 -1E+2
-33E+0 -1E+0
202455780E-4 1E+14
-7830E+0 -1E+15
-20E+0 1E+7
672E-2 -1E+15
609409050543499553E-2 1E+11
7623639062626E+0 1E+5
-5572695E+0 1E+3
-99870361327E-2 1E+15
6E+0 1E+14
-6498941973299E-2 1E+4
542E+0 1E+5
13252796838626E-6 1E+0
609E-2 -1E+10
-72126E-4 -1E+11
-1568924074E-6 1E+13
295E-2 1E+10
-7281537083E-6 1E+11
9594385934197925462E-2 1E+8
-424368195E-4 1E+1
913894925133E-6 1E+2
66679309218E-4 -1E+14
2E+0 1E+8
5397985684662461850E-6 1E+1
-347366285887E-6 1E+8
5721218424704936E-6 -1E+3
394E-2 -1E+4
249E-2 -1E+15
-2758621837380306E+0 1E+8
-9494654E-2 -1E+5
58788126952094E-2 -1E+7
121E-2 -1E+6
68551622921678691E-6 -1E+6
988925260058839E-2 1E+9
40E+0 1E+1
5E+0 -1E+6
942503554139E-2 1E+7
-66250805835092472E-6 -1E+11
-577701E-2 1E+9
-8240173340208E-6 1E+3
5E+0 -1E+14
94418141303345E+0 -1E+8
-2576092E+0 -1E+10
-2560439E-4 1E+10
-248067E+0 1E+13
-877345750E-2 1E+13
-604206997798E-4 1E+9
-49543659E-2 -1E+7
4439031217709139282E-4 -1E+1
2923E+0 1E+6
-25064499E+0 -1E+3
-84349142721E+0 -1E+4
7970841E+0 -1E+4
386590E+0 1E+12
98023790173671969E-2 -1E+15
-96224E+0 -1E+5
983441079713371E+0 -1E+4
-30218462376722653E+0 1E+2
-229860426514811E-6 1E+6
92645767E+0 1E+14
-663069E-4 -1E+5
-34440616712841415E-2 1E+11
-52617E+0 -1E+5
78985012E-6 -1E+14
232073642050833E-4 1E+13
-21941671039E+0 1E+12
-82E+0 -1E+10
430574198E+0 1E+0
709768986E+0 -1E+12
9813E-2 1E+11
-900282495366E-4 1E+5
4422278361057746E-4 1E+11
-34623905E-2 1E+0
-4711556504E-6 -1E+2
5103555885589E-6 1E+0
298E-2 -1E+8
-23075656813437E-2 -1E+1
8391562583248712E+0 1E+2
9696717091E-6 -1E+1
-443165148180787E+0 1E+0
56534301769383251E-2 1E+1
674153073983E-6 -1E+13
-86E+0 1E+6
-61328196049777309E+0 -1E+4
-24859007E+0 1E+14
27783614134196E-4 -1E+4
8858806893433E-4 1E+5
560328142E+0 1E+15
-3E+0 1E+1
-90245428E-6 1E+13
9728456967E+0 1E+9
3634E+0 -1E+6
-5186120E+0 1E+5
9E+0 1E+11
-66533951E-4 1E+14
-986E-2 -1E+13
2117446346E+0 1E+7
-1124356798285E+0 1E+7
9885092097458987162E-2 -1E+7
-1070635452E-4 -1E+4
-585080384279E-6 1E+4
-2947170739864472E-6 1E+7
-674505000355672429E+0 1E+5
-93058611E-4 1E+9
-886146036655E+0 -1E+14
6967076E-4 -1E+7
-37863248932038E-4 1E+15
-3E+0 1E+5
19921978E-6 -1E+5
-48512102737E+0 1E+7
-519889295064E-2 1E+12
940E-2 -1E+9
5446473245617E+0 1E+5
-423081E-2 -1E+6
-70262871891709E+0 1E+12
-82902629068449E-6 -1E+5
-60531447E-2 -1E+6
-8365805684995E-2 1E+14
-6809746046E-4 -1E+14
56667782532528218E+0 -1E+6
1880232443010E-6 -1E+14
7E+0 1E+4
-43538477E-6 -1E+4
8988618651686E-6 -1E+14
-20954E-2 -1E+1
4459125E-2 -1E+7
-2E+0 -1E+6
-42229909058342E-4 -1E+13
70227051E-6 -1E+4
-830865378E+0 1E+13
562603946571327966E-2 -1E+8
-649855233523287908E+0 1E+10
-55E+0 -1E+6
2983803661E-4 -1E+11
-552733141483271E-4 1E+1
-1561928E-6 1E+5
26295339813E+0 1E+13
5E+0 1E+6
-3708307545669933316E+0 -1E+15
-825429E-2 1E+10
3797E-2 1E+0
4301650475E+0 -1E+10
35E+0 1E+6
887E+0 1E+0
8199188447E-2 1E+15
-6930135449177E-4 -1E+14
-6605292261E-4 -1E+3
-681143447736142E-2 -1E+15
-3856E+0 -1E+10
7E+0 -1E+6
-502925E-4 -1E+11
-5E+0 1E+6
-68547E+0 -1E+13
799656577E-6 1E+12
-1456649839E+0 -1E+9
523E+0 1E+5
2466E+0 -1E+4
400463724623287427E-2 1E+13
21126397752E-4 -1E+0
-2655671E-4 1E+0
9913E-2 -1E+4
5561401839728E-6 1E+3
379491E-2 1E+7
4514397104663E-2 -1E+4
-9137E-2 1E+0
-963871510752564384E+0 -1E+3
455480847606318013E+0 -1E+8
-6E+0 -1E+12
781270841657341245E-6 -1E+3
-125583493776114E-4 1E+2
86180E-2 -1E+6
-95390469E-4 1E+3
-255329671027615616E-2 -1E+3
-1213549248107E-4 1E+8
-349262036704E-2 1E+13
84461E-4 1E+13
3499159955E-6 -1E+7
-53762241917399765E-4 1E+12
94795610E-6 -1E+8
67E+0 1E+13
101329243170E-6 1E+0
7069715379372116E-4 -1E+9
853489808799737E-6 -1E+2
-558997930E+0 1E+2
743297751096E-4 -1E+10
1257829056058602E-2 -1E+2
6730720497E-2 1E+3
6166976022810E-6 -1E+5
563994E-4 -1E+0
1601380735534647405E+0 -1E+6
7E+0 1E+4
3201E-2 1E+15
23979E-2 1E+12
6519004708374040981E+0 -1E+7
-983E+0 -1E+0
62E+0 -1E+9
84812E+0 -1E+1
-5E+0 -1E+15
8834701485E-4 1E+9
29961856E-4 1E+2
-3036E+0 1E+8
-34E+0 -1E+11
-99129842E-6 1E+11
-85029E-4 -1E+2
583387E-2 1E+7
8642352590303E-2 -1E+10
2964317499971682E+0 1E+9
-4321240084158589229E+0 -1E+13
91E+0 -1E+0
4351545748399408348E-4 1E+14
-1585230343626472906E-2 1E+9
-39287636373469517E+0 1E+4
-4949278750E-4 1E+0
-790712E+0 1E+11
705865145080E-6 1E+11
11E+0 -1E+4
-3761154380037E-4 -1E+11
47423740215312126E-6 1E+6
501744253666E+0 -1E+8
36E+0 1E+13
638102377051984E+0 -1E+9
9267229657390E-6 -1E+13
901345255727409E+0 1E+2
-9476935E-6 -1E+1
-82119320615802987E+0 -1E+8
841E+0 -1E+3
-3694646E-4 -1E+11
-88428620E-2 1E+12
-7339391E-6 -1E+6
-923004866995934380E-4 -1E+1
-212E+0 1E+8
535903079799E-6 -1E+5
631786790268955E-4 -1E+7
845803687493726060E-4 -1E+14
36813075403733950E+0 1E+6
-419358E+0 1E+6
-25429318770129772E-4 1E+9
-3991591626502E+0 1E+9
-897628947E-6 -1E+6
-543332E-4 1E+14
-23366E+0 -1E+4
66071727E-6 1E+3
-146953097051615120E-6 -1E+2
-8766384459407E-4 -1E+9
-91468813E-6 -1E+0
-58965666767690E+0 1E+14
919027481E-2 1E+7
-81015719244520E-2 -1E+2
-88493737160510787E+0 -1E+5
-320640019504061E-4 -1E+14
-1869441130003495358E-6 -1E+6
2599E+0 1E+14
-4668418797E+0 -1E+6
-42079057403E+0 1E+2
81057E-2 1E+7
90004649091E-6 -1E+5
-5555E+0 1E+9
-718915379133716154E-6 1E+9
901992308960578976E-2 1E+14
86457982095E-2 1E+6
439759992870E-2 -1E+3
-502756904969396697E-4 -1E+9
-296860E-4 1E+7
-780032172242574564E+0 1E+14
-8606E-2 -1E+5
-561478054469717512E-4 -1E+0
-2052E-2 -1E+2
-89273041223560157E-2 -1E+9
-7957E-2 -1E+1
4942176216E-2 -1E+7
4078295151E-4 -1E+0
-53626297E-4 1E+14
59E+0 -1E+1
-642416551109985914E+0 -1E+1
-9759344098786922413E+0 1E+2
56274E-2 1E+9
-79654839126699E-6 -1E+9
73542239052700E-6 1E+15
-135267975E-4 1E+3
-3E+0 -1E+11
5367046408757085E+0 -1E+13
96E+0 -1E+6
19E+0 -1E+2
8640E-2 -1E+14
2224324415E-2 1E+0
90196E-2 1E+11
6753E-2 1E+12
-9E+0 1E+6
-93104186E+0 -1E+11
-427E-2 -1E+10
4478052528620697E-6 1E+9
-368554740191913629E-4 1E+9
2209E-2 -1E+12
-191806E-4 -1E+4
-83500157400E+0 1E+4
53019191E-2 1E+9
97924256218780363E-2 1E+12
7446383833E-6 -1E+7
918E+0 -1E+15
-154E-2 -1E+7
16887590E-4 -1E+14
74246844502226141E-2 1E+7
7016207102633679431E-6 -1E+9
6234782632396472642E-2 1E+1
32E+0 -1E+1
-2013632222738331E-6 1E+5
59934E-4 1E+5
5682109864730553670E+0 1E+9
-9509760E-4 1E+11
-375118E+0 1E+4
5E+0 -1E+4
-806863741228E-6 -1E+6
-2790599578418606E-6 -1E+15
9791E+0 -1E+3
-7783786E+0 -1E+11
198970150E-4 1E+5
506428885084909609E-4 1E+11
-7581582580285779320E-4 -1E+10
72901777153E-4 -1E+11
84969641206E-4 -1E+7
9E+0 -1E+14
5959411067677193E+0 -1E+6
658E+0 1E+2
-1339654E-4 -1E+8
-138E+0 1E+13
278753588E-2 1E+9
91250E+0 -1E+4
801517273673E+0 -1E+9
-19012205E-4 1E+4
-24885151767E+0 -1E+1
-9010668853564537E-4 1E+5
845893E-2 -1E+10
-857353787E+0 -1E+4
-210884954767535E+0 -1E+13
-33000E+0 -1E+10
-312375803E-2 -1E+8
7556536263637E-6 -1E+12
1002974526981195267E-6 1E+3
958002204579686290E-6 -1E+1
423664870524728209E+0 1E+5
-7914E+0 1E+8
-1897E+0 -1E+3
-19453237801E-6 1E+11
88311168578741E-4 -1E+0
-8743592311E-6 -1E+10
-26293786193415E-2 1E+6
9511681561565272896E-2 -1E+9
844931446831454987E-6 1E+13
-86850E-4 1E+2
-99531236912198E-4 1E+15
48E+0 1E+5
-816202553E-4 -1E+13
6834581160E-6 -1E+6
6564736009343E-4 -1E+15
319399E-2 1E+13
-790656593785E+0 1E+0
2962E+0 -1E+1
-29276097E-2 1E+9
-5E+0 1E+13
33461257E-4 1E+0
16942E+0 -1E+4
-4862965198924274E-4 -1E+8
21E+0 -1E+7
-224498E-2 1E+7
-4919348297469869750E-2 -1E+10
-2E+0 -1E+6
2126637526450E-2 1E+1
-7462018182621E-4 1E+9
278906251442014110E-2 -1E+4
88E+0 -1E+10
20870E-2 -1E+8
26541E-2 1E+7
-376443994366E-6 -1E+15
-382393967269657550E+0 1E+0
4399900536956650E+0 1E+3
8039E+0 -1E+2
78E+0 1E+1
824657864900731E-4 -1E+2
3E+0 1E+2
57761813E-6 1E+8
617050914958E+0 1E+7
93E+0 -1E+15
73999E-2 -1E+5
-63740093540E-6 1E+5
-55137064173267E-2 -1E+11
7570634164180174268E-4 1E+13
-59606224377E-2 -1E+7
-71895035753282397E-4 -1E+10
2020563408197712E-2 1E+10
-63419748732591865E+0 -1E+2
-379169766130370E+0 1E+13
88055E-2 1E+15
24610114936E-4 -1E+0
-441944035331E-6 -1E+15
5513237901108E-4 1E+7
-5982139155720802E-2 -1E+6
-7E+0 1E+11
2445557E+0 1E+12
-5735212055479E-2 1E+13
5881E+0 1E+11
611802470811528E-6 1E+10
-3897065073872229E-6 1E+9
23873832E-2 1E+4
-801E+0 -1E+9
866061E-2 -1E+4
397331114188348E-6 1E+14
435605966864647E-6 1E+3
937215E-4 -1E+8
-754706981511129E+0 -1E+12
833214E-4 -1E+0
714761856348625E-6 1E+10
601446999E-2 1E+11
71835637957645E+0 1E+14
446E+0 -1E+13
9866895021061830E-6 -1E+9
5988268E-4 -1E+9
5333554596377455296E+0 -1E+7
34E+0 -1E+14
-559216915511311585E-2 1E+9
-4084E-2 1E+13
3E+0 -1E+2
7008990561961479E-4 1E+4
71352667301476879E-4 1E+6
78776651716811E+0 1E+5
-3123339E-6 -1E+12
692E-2 -1E+3
-621107882721294317E+0 1E+9
-82334E-2 -1E+11
-883781277403988E-4 1E+4
-13476969361769E-2 -1E+5
8980934E-4 1E+10
-6313E-2 1E+6
-8951510137733197E-6 -1E+3
-827E+0 1E+10
2E+0 -1E+11
3043E-2 1E+14
-488721282083742749E-2 -1E+15
-791003260994E+0 -1E+9
67586091672146E-6 -1E+10
833952E-4 -1E+8
-24784897250006341E+0 -1E+6
-4017302888996E+0 1E+5
732308604327E-2 -1E+8
64692E-4 1E+9
16059821E-6 -1E+10
-714644502269E+0 1E+3
-955939740204E+0 1E+4
139354817530491062E-2 1E+13
-73074863653043979E-2 -1E+9
-8650752E-6 -1E+14
4942604203688E-6 -1E+7
6351893318E-6 1E+1
57900468753E-4 1E+8
-483539118E-6 1E+6
4078380E-2 -1E+6
-2326E-2 -1E+7
6E+0 1E+0
-391E+0 -1E+1
-59787E-2 1E+5
-43359358698384E+0 -1E+7
-29515444087E-6 1E+2
14872E-2 -1E+0
-73821177592084356E-6 -1E+12
927844880170040E-6 1E+12
-979180E+0 1E+8
375840569E-2 -1E+0
-768826E-2 -1E+5
-417990374E-6 1E+13
-392102660466721E-2 1E+6
-138386707E+0 1E+7
8940045559935086E-4 -1E+13
-6960690831932E-6 -1E+0
4765742676713E-6 -1E+4
-4E+0 -1E+5
7E+0 -1E+0
1E+0 -1E+7
-40675930588966511E-6 -1E+3
511138085840470936E-6 1E+11
-38E+0 -1E+5
-51080210E-6 -1E+15
231E-2 -1E+12
-34247935195611469E-4 -1E+11
-75469461924501E-2 -1E+0
6E+0 1E+12
-58918892851237234E-4 1E+11
-4456694E-6 1E+12
-93638180835415E+0 1E+8
-22588E-4 -1E+0
21726718341E-4 1E+7
-82021652832073E-4 1E+6
-93308276466205704E-2 1E+7
-35E+0 1E+12
-88842174E+0 -1E+9
-6869675E-6 1E+8
-648857067859E+0 1E+11
-62413191E+0 -1E+0
85007016225935549E-4 1E+9
-822742E-2 -1E+12
-6908110749222E-6 -1E+15
82865809640629E-4 1E+12
-63E+0 1E+1
7069036758934E-2 1E+1
-1E+0 -1E+6
-972333995E+0 1E+2
5679E-2 1E+10
4514365034472E-4 -1E+12
41064914515E-2 1E+9
-1664618201897462E+0 -1E+14
-9E+0 1E+1
248480857029439687E-2 -1E+12
-5583718610872644995E-6 1E+6
7E+0 -1E+1
-726880819202E-4 1E+8
-6030E+0 -1E+13
20201929E+0 -1E+14
-72681E-4 -1E+0
91231413670024E+0 1E+14
76609812E+0 -1E+0
144642451078429E-6 1E+1
-881028E-2 1E+12
1035129386849929E-2 -1E+11
72E+0 1E+3
-27766117E-2 -1E+6
686730963650515E-4 1E+4
80E+0 -1E+0
7543151176740E+0 1E+1
-812E+0 -1E+10
94309663728744406E-6 -1E+4
49887704298236E-6 1E+12
223689E+0 1E+9
174132816152285E+0 -1E+3
-505724714112E-2 1E+0
-49143073544E-4 1E+5
5476352913E-4 -1E+10
-5551782E+0 -1E+15
483501019903910308E-2 1E+0
398E+0 1E+4
80360997943762E+0 -1E+14
-3703355753310096E-6 1E+14
-97490E+0 1E+11
-208E+0 -1E+10
-7092697711E-2 1E+11
4E+0 1E+0
916635134223661507E-4 1E+10
45712E-2 -1E+7
4046704392184942E-6 -1E+9
7833750237E-4 -1E+15
506875613961330E+0 -1E+6
-663841E-4 1E+12
83059445447E+0 1E+10
58922537E-6 -1E+2
-8430833E-6 1E+12
583246723460905275E-6 -1E+13
2321515347759079735E+0 -1E+8
-15935E-4 1E+6
-301078043E-2 1E+2
-520084824656184E-6 1E+8
-231363E-2 -1E+5
2E+0 1E+1
-2551923471E+0 1E+8
40117921302222E-6 1E+8
21400467E-2 -1E+0
6769185171750E+0 -1E+9
473013222714E-6 1E+14
33295565696320E-6 1E+14
-15751904885815785E-6 -1E+5
506282E-4 -1E+1
3694E+0 -1E+14
-645828250415411E-2 1E+5
6945270250E-2 1E+14
3649E+0 1E+15
-8552E-2 1E+0
-188421434037859824E-4 1E+8
-719045E-4 1E+6
87188605965191445E-2 -1E+4
-707E-2 1E+12
50E+0 1E+7
-73477E+0 -1E+5
5472E+0 1E+2
-8747477646131162433E-6 -1E+6
6338424E-4 -1E+0
348973643E+0 1E+14
-228164601564824313E+0 1E+5
-34406280495605318E-4 -1E+4
-7278271475E-2 1E+15
70982919615844E-6 -1E+9
1869752313001171E-4 1E+7
-390E+0 1E+2
-148854159725E+0 -1E+0
-2170840E+0 -1E+15
243E+0 1E+15
-3058E-2 -1E+8
9260247867205E-2 1E+0
504592900E+0 -1E+6
2512E-2 -1E+2
77552751E-2 1E+7
-530639815E-4 1E+12
73085561605E-4 1E+9
-657123E+0 -1E+1
-61552214894393458E-6 -1E+14
60351397894726E-2 -1E+12
4766218721587424E+0 -1E+5
-4763336255085E+0 -1E+2
54044061E+0 1E+11
31520237825E-6 -1E+13
-30917312153212E-6 -1E+10
57661632654735663E+0 -1E+10
-890343320841832E+0 1E+14
613E-2 1E+10
-3174708016700E-6 1E+11
-88465E-4 1E+12
707E-2 1E+13
-6373656433E+0 -1E+11
9071674E-2 1E+2
-762207798921E-6 1E+0
-581E-2 1E+15
4927714E-4 -1E+8
-82874512029206E-2 -1E+10
-9119615109E-2 -1E+13
-710604345633446253E+0 1E+12
90094047E-6 1E+11
-29E+0 1E+0
12791388558969711E-4 1E+3
80281278063E+0 1E+9
13004011575683245E-6 -1E+4
82687792064355E-4 1E+15
55736922559958E-2 1E+14
-362815E-4 1E+8
4209901E-6 1E+10
470898119E-2 1E+3
78E+0 -1E+1
-82651056E-4 -1E+8
-2817046336607E-6 1E+1
-45E+0 1E+8
86E+0 1E+3
478413424464878E-6 -1E+1
-70495E-2 1E+12
6359866057E-4 1E+1
9542351960076197486E-6 -1E+1
-501E-2 1E+0
2462593060773302E-2 -1E+4
1392816211E+0 -1E+3
-9625624E-6 1E+13
94516044766141475E-4 1E+6
74977243975E+0 -1E+4
-7343691E-4 1E+9
-7849E-2 -1E+9
5584489965E-2 1E+0
-25446790E-6 -1E+9
-34536549428505E-6 1E+6
88869938E-4 -1E+3
-7661346832E-2 -1E+11
911503538206244391E-4 -1E+12
-256907E+0 -1E+13
-672224271070672E+0 -1E+0
-993652597E-6 1E+14
2052687199238E-4 1E+3
7E+0 -1E+3
-596E+0 -1E+5
71803E-4 -1E+5
3413E+0 1E+11
-281848E+0 1E+6
948018165239474650E+0 -1E+12
-217E-2 1E+4
-7158199E+0 1E+1
208910E-4 1E+3
-2443942721616E-6 -1E+9
9328181E+0 1E+13
-7834294226705031946E-6 -1E+2
-307056E+0 1E+2
-4713532578323E+0 -1E+10
-4590786669E-6 -1E+10
92008788E-6 1E+11
9212E-2 1E+0
2E+0 -1E+15
643495393E-2 -1E+6
-70211149764878E-6 1E+9
-6296351362E-4 1E+11
3E+0 -1E+10
2038357E-4 -1E+14
150E-2 1E+6
564796003035581653E-6 1E+1
1384216187287E-6 1E+5
-7111701913576273970E-4 1E+10
605798768E-4 1E+0
7109530000225E+0 -1E+9
-831604783479573E-4 1E+7
-7822954E-4 1E+6
2275335630961E-2 1E+7
27E+0 1E+14
305630742435440328E-2 -1E+5
-92320529768311E-6 -1E+9
-100E+0 -1E+6
-9762018744179E-6 1E+8
-6635597E-2 -1E+3
91865243654220377E-4 -1E+0
-774624E+0 -1E+9
-94878710537475169E+0 -1E+5
833489803759059E-2 1E+9
-2570490509E-6 -1E+10
743685423753401E-4 1E+3
-9684617241450025E-6 -1E+0
-12270264E-4 1E+4
-7099132023541E+0 1E+1
-74E+0 -1E+7
-364271161991633655E+0 1E+7
-14484414336816151E-4 1E+7
48539954873460E+0 1E+0
2867889973289E-4 1E+0
-70338749128573227E-2 1E+0
50E+0 -1E+13
-37461202566677E-4 1E+0
-48968199925067E-2 1E+5
-382043938E+0 -1E+9
-58247E-2 -1E+0
-5746827210679721761E-2 -1E+0
-859916329670881E+0 -1E+6
559E+0 -1E+13
845900E+0 1E+6
-3923672077839054E-6 1E+1
-4285E-2 -1E+15
2253862600920963955E+0 1E+5
-9870433E-4 1E+8
-5787690125199267302E-2 -1E+15
-7084667939E-2 1E+10
-826582220E-6 1E+4
17042919573736E+0 1E+10
2698090130378573474E-4 1E+13
-2018476E-2 1E+12
5E+0 1E+6
5E+0 1E+14
695641E-4 1E+12
-71441E+0 1E+14
-555849E-2 -1E+4
-4123612367E+0 -1E+14
-46670E+0 -1E+14
9437571396835E-2 -1E+9
-437413773406E-6 -1E+1
932025E-2 1E+1
-6270240E+0 -1E+3
-1030385818E+0 1E+9
-3116309E-4 1E+4
509265562279E-4 1E+7
40525577E-2 -1E+0
6868725829374577520E-4 1E+1
-7E+0 1E+11
50679E-4 1E+12
-967617E-2 -1E+7
-52627E-2 -1E+8
-3525625813E-2 -1E+1
-404491278431E-2 1E+1
-45010165277918921E-2 1E+5
-59591E-2 1E+14
-2E+0 -1E+6
-4184165299160351934E-6 1E+0
10922841E-2 1E+9
-13181972995065E+0 1E+4
9910304E+0 1E+9
-822537539397912477E+0 1E+7
6402195E-6 1E+13
-95674912486E-6 1E+15
7601614092E-2 1E+15
-63661403738356691E-6 -1E+7
-66714E-2 -1E+11
-5004621471317348086E-6 1E+6
85667183699146E-6 1E+12
-400692255672272E+0 -1E+1
40313E-2 -1E+8
53359E-2 -1E+15
31E+0 -1E+14
-870588253939E+0 1E+5
7025948358877326416E+0 1E+8
187233815865E-4 -1E+9
-14857031419594559E-2 -1E+12
831629368525342E-6 -1E+13
7418237614840011E-4 -1E+15
7890620005563E+0 1E+15
-291E+0 1E+15
-812722682949176940E+0 1E+8
837327406E-4 -1E+6
886241514205775E+0 -1E+12
24111267302949495E-6 -1E+12
5608103730434E-4 1E+13
-38413538205238256E-2 1E+8
489777915810E-2 1E+7
71094E-2 1E+3
434E-2 1E+12
-431803654420835E+0 1E+6
-778E-2 -1E+4
21E+0 -1E+10
-5680223923724700203E-2 1E+4
1833315267888E-4 -1E+0
-5933870144345517494E-2 -1E+15
-414E+0 1E+4
-9233699722057E-4 -1E+4
4122904686936E-2 1E+7
911638461105E-2 1E+3
-92764339484465E+0 -1E+10
265777E-4 1E+15
866288753496872E-2 -1E+8
668286950310295179E-4 -1E+15
-999E-2 -1E+2
-582E+0 -1E+11
25491E-4 -1E+8
325037276393753E-4 1E+4
5958220555E-2 1E+9
4E+0 -1E+4
86327207366522374E-6 -1E+4
4704157E-6 1E+8
1447588166099107759E-2 -1E+3
98471108094E-4 1E+13
5196358915858E-4 1E+7
346207562322883611E+0 -1E+2
83467E-2 -1E+12
514807062225540E-2 1E+7
-771E-2 -1E+14
-20648E+0 1E+9
24236E-4 1E+6
743209221904E-2 -1E+6
1E+0 -1E+3
3744641001012556E-6 -1E+2
11041348505766348E-2 1E+5
-8E+0 -1E+7
-6036072689442E-4 -1E+14
-9664107890217667888E-4 1E+15
-589562949852633903E+0 1E+14
48224250E-4 -1E+8
8499E-2 -1E+15
-57701742899938E-4 -1E+0
-59366158084740E+0 -1E+9
-7776E-2 -1E+7
9107295832553E-6 1E+3
-22332676E-6 -1E+5
-76166E+0 -1E+0
3808759186405399973E+0 1E+7
823218319E+0 -1E+10
-38187876320184439E-4 -1E+15
-8781604724020433E-6 1E+8
-96506540450E+0 1E+10
462348453E-2 -1E+12
906468E-2 -1E+4
-94027E+0 1E+13
2427958E-6 -1E+3
-73962460282435E-4 -1E+4
426560970E-2 1E+10
-2280269547E-6 1E+14
-65502E-4 1E+8
68737E+0 -1E+0
-993437E+0 -1E+11
94719970273E-4 -1E+6
902183239040940478E-4 1E+12
-306198322408996E+0 1E+15
-2612390E-2 1E+15
-8909990041E+0 1E+8
-14859553E+0 -1E+5
5820117727266952E-2 -1E+15
805507975686E-4 1E+13
525957910E+0 1E+0
95436584953463E+0 -1E+1
43861428085778E-2 1E+1
-66571E+0 1E+3
-47138E-2 -1E+9
-5661433875246848813E-4 1E+4
7E+0 1E+1
-677601651E-4 -1E+2
-8782649585365415641E+0 1E+14
518565340570580E+0 -1E+4
-5251903395052972531E-2 1E+5
-29832589500089338E-6 1E+0
169229464613354E-2 1E+13
-7963E-2 -1E+1
247E+0 1E+4
-6183E-2 -1E+4
-82351E-4 1E+3
9708221202359144E-2 -1E+8
6362E-2 -1E+10
-6986511431725E-2 -1E+13
567E-2 1E+6
97584068659421631E+0 -1E+1
-8212731728809E-2 1E+6
599780924012347E+0 1E+2
6E+0 -1E+15
1950945246E-2 -1E+2
55289025562708462E+0 -1E+8
-496E+0 -1E+5
702435185154268725E-4 1E+13
-5467602613262E-4 -1E+1
-2852718587083254E-2 -1E+2
-507371766898E-6 -1E+6
79966854864983E-4 -1E+14
-508E+0 1E+4
-941429369194E-6 1E+13
-7E+0 -1E+0
-37851E-4 -1E+9
141896208E+0 -1E+15
22956893E-2 -1E+1
-46465E-4 -1E+10
7591822E-4 -1E+11
-8071119946E+0 1E+1
-64463E-2 -1E+7
70314505707E-4 1E+1
466E-2 -1E+9
-1333E+0 -1E+9
10E+0 1E+10
-1E+0 -1E+13
-58E+0 1E+8
-6918555883419E+0 1E+4
-6353126753E-4 1E+0
423957701045E+0 1E+5
-110682911111E-6 -1E+10
47342517546E-6 1E+1
-605970476E+0 1E+5
-8921E-2 1E+10
74602883E-6 -1E+11
-861836E-4 1E+1
8256320039025851E+0 -1E+8
26143816729187E+0 -1E+3
32431E+0 -1E+4
373897827E-4 1E+10
449664982551E-2 -1E+1
87E+0 1E+12
7967889496810525E+0 1E+0
-2438660438E+0 1E+11
-7028039102810367E-6 1E+9
892552053264144E+0 1E+0
-33E+0 -1E+5
898752717E+0 -1E+12
-237E+0 -1E+10
-3600809403E+0 -1E+0
56461E-2 1E+7
-95E+0 -1E+14
525400795682515891E-6 -1E+7
85E+0 1E+8
8709636649550738E+0 -1E+6
-42801376E+0 1E+6
-448678E-2 1E+5
-777470072408129E+0 -1E+0
736668818517674E+0 1E+1
-9667307932367983058E+0 1E+6
-375344E+0 1E+11
-9076940886632E-2 1E+6
-7632184171992064E-2 -1E+3
-928897272E-6 -1E+5
48000574994023E+0 1E+4
6852794379254091716E-4 1E+6
-469310426E-2 -1E+12
-6086343118701578E+0 -1E+10
984952E+0 -1E+1
748408325443723E+0 -1E+1
-313256E-2 1E+10
-5379380668139150013E-6 -1E+12
5784025122E-6 1E+2
9438E+0 1E+10
763E-2 -1E+2
1119510538230801143E+0 -1E+14
1480680679637E-2 1E+9
-60E+0 1E+0
-693817397070614E-2 1E+10
-180715E-2 1E+5
6527656E-6 1E+7
4916379351373E+0 1E+4
-80420958E-4 -1E+8
-863726E-2 1E+6
9942875964656663332E+0 -1E+2
4156242E-2 1E+11
-375284785E+0 -1E+2
-5685251E-6 1E+7
-14E+0 -1E+5
-329923E-2 1E+10
9259883E-4 1E+0
-807747E-2 1E+4
-66125612279111315E-4 1E+7
14698894940E-4 1E+12
391424451747457204E-4 -1E+2
16616E-4 1E+1
-1563115E-6 1E+15
3221032281E-6 1E+2
-8734731887166147E-2 -1E+5
-19104810E+0 1E+1
-69894645225210E-4 -1E+15
-3567110837548505655E-2 1E+15
-92579224E-2 1E+10
-885406E+0 -1E+3
-73736817E+0 -1E+10
-13E+0 -1E+14
-452381074052419824E-6 -1E+4
29642276602E-2 -1E+14
980621282349E-4 1E+14
65E+0 1E+15
-40414E-2 1E+8
-9837677527377E-4 -1E+8
-80E+0 1E+0
-532910402E-4 1E+3
77961018084638E-4 -1E+12
-551E+0 -1E+14
-876150480541701850E-4 -1E+8
-53431811572E-4 -1E+1
572955E-4 1E+3
-6942853685014241648E+0 -1E+14
-51402759973E-4 -1E+11
-25801E-2 1E+11
-764399269249E-6 1E+9
539E+0 -1E+9
68908949E+0 -1E+4
-481907745144927E-4 -1E+2
44126801393E-6 1E+15
6E+0 1E+13
1137729835535E-4 -1E+3
10942996162E+0 1E+2
-843380669011884249E-6 1E+13
888720921004990E-2 -1E+5
-67E+0 1E+4
-5921051E-2 -1E+8
-157241914452E+0 -1E+8
-4749940E-2 1E+10
293060708915E-2 1E+1
-65138E+0 1E+11
6083E+0 1E+13
46298797917E+0 1E+13
-68E+0 1E+8
-52518584117941E-6 -1E+12
-94053189771E+0 -1E+1
6241974E-6 -1E+6
5698257982844E-6 -1E+7
8295123E-2 -1E+9
-39339776E-4 -1E+4
620397169675E-6 1E+2
-473E-2 -1E+5
7189470046581715099E-4 -1E+14
4895E-2 -1E+14
-8427E-2 -1E+8
-6674849521249908331E-4 -1E+2
79225687568357E+0 -1E+6
184718169E-6 1E+1
-6181896715342E-2 1E+3
-55105151E-2 -1E+10
-683E-2 -1E+14
29E+0 -1E+12
4510278398E-4 -1E+6
-6E+0 -1E+9
-231413E-4 1E+9
-6463849311606827E-4 -1E+1
-20176992345E-6 -1E+8
-72722842E+0 1E+0
81631927473E-6 -1E+15
371064940123119E-2 1E+6
-206351E+0 -1E+5
305125771E-2 1E+1
9E+0 -1E+13
52230E-2 1E+10
-487997940702E-6 -1E+11
7462343143417E+0 -1E+12
5449067382216053E-6 -1E+4
-958716819745220E-4 1E+4
56543E-2 1E+14
-9149E+0 -1E+5
4099297561454549E+0 1E+9
-838759E+0 1E+11
4E+0 1E+7
-3364399419E-4 -1E+3
104601461833976E-6 -1E+6
-798E+0 1E+10
-3020913509863E-6 1E+8
-6605037898222883E-2 -1E+13
-9118058594861037355E+0 1E+9
42989E+0 1E+0
-81707718450195E-6 -1E+0
5285845708732E-4 1E+11
-259654784524E-4 1E+1
-4284930688085E-4 1E+8
-4164320365244E-6 1E+5
-22091293339222E-2 -1E+6
59159888960040E-4 1E+14
8648885806E-2 1E+12
7606046564728582137E-4 -1E+5
548078728E-6 -1E+10
-908659549432E-6 1E+3
4141637253E+0 -1E+10
-2168E+0 1E+6
656E-2 1E+3
-399506809401022E-6 1E+1
-4839051E-2 1E+9
8964639E-2 -1E+3
-19979694808E+0 -1E+9
-8435526694254810E-6 -1E+5
-37210E+0 -1E+8
-3E+0 1E+7
196761111E-2 -1E+9
9743668902186E+0 -1E+4
-27121192869817E+0 1E+11
7250411471686463599E-4 1E+9
-3876774403747E+0 1E+2
-943E-2 1E+8
234595741269034E-4 -1E+3
-1446E+0 1E+3
3652977832370E-2 1E+4
6092323E-6 1E+0
3011E+0 -1E+10
-12E+0 -1E+12
-6177831E+0 -1E+1
4E+0 -1E+3
9400E+0 -1E+6
7361582915886163E-4 -1E+11
65104030309068890E-4 -1E+0
-88146874782551669E+0 -1E+12
9128301099E-6 -1E+11
74387263742E+0 1E+1
-37E+0 1E+14
-392257E-4 1E+2
16900E+0 1E+4
-5302289498534684E-2 1E+14
9711325124E-4 1E+15
45343545129E+0 -1E+9
256528390554408946E+0 1E+1
-3801758759835E-6 1E+13
-713575428039600265E-6 1E+4
752628967472E-4 1E+11
2E+0 -1E+9
4645836E-4 -1E+7
-3154690175161591751E-2 -1E+6
51078872190442566E-4 -1E+1
8013531647039160352E-4 -1E+11
2755945321527E-6 1E+4
29640729883E-2 1E+12
3893E-2 1E+4
41722222973E+0 -1E+6
8087E-2 1E+3
-5100398281E-6 -1E+5
-13650243324E-2 -1E+9
8189446976828635713E-4 1E+4
-1E+0 -1E+12
-287888306336670824E-6 -1E+4
-129266043716898E-2 1E+6
-817328985428E-2 1E+10
91449907329E+0 -1E+8
-1313E-2 -1E+4
-8285741549E-6 1E+14
-72687158E-2 1E+13
-367E-2 1E+2
-308911896291592E+0 1E+5
-1011028782533E+0 -1E+13
54928239E+0 1E+12
11786093683E-4 1E+7
-38065574993E-2 -1E+13
-586234E-4 1E+11
-76467292E-4 -1E+15
-93574028723439499E-6 1E+11
382905024406650957E-6 -1E+11
-94364441578071E-2 1E+11
-87903634E-2 -1E+1
-6E+0 -1E+12
-2632431610788021051E+0 1E+10
-915986476108544E-2 -1E+6
947677904975406936E-6 -1E+5
-75821E-2 1E+8
5133522166832655E-2 -1E+15
690E-2 1E+12
-9908E+0 1E+5
-173710641E-6 1E+15
-1577400608E-4 1E+13
-4403215779341E+0 1E+4
258536572476E-2 1E+9
-231138616156E+0 -1E+12
76745505E+0 1E+15
-3584476112197041807E+0 1E+15
278E+0 -1E+3
1323E-2 -1E+5
-43959195370E+0 -1E+1
-51937928E+0 -1E+11
-526549881760E+0 -1E+10
-32525867406E-6 -1E+4
-705008876867E+0 1E+15
-322777397923143E-6 1E+4
-85767946828254E+0 -1E+14
-89823E+0 -1E+8
-593932269541E-6 1E+0
2744229E-2 -1E+5
414091E+0 1E+0
-3E+0 -1E+14
315202925601110361E+0 1E+5
-820E+0 1E+2
-2E+0 -1E+6
855458697721813E-6 -1E+11
2E+0 -1E+3
-4964446872017866E-2 -1E+5
7645931259508643246E-6 -1E+2
-792605459136977650E+0 1E+2
-4157339312119147E-2 -1E+14
300E-2 1E+2
-42648945353835E+0 1E+1
-400485814227E-6 1E+1
-78466478394E+0 1E+15
-189590825E-4 -1E+14
-759163126E-2 -1E+1
237406940E-6 -1E+1
-409366320354601E-6 -1E+15
-5394E-2 -1E+10
26130928940519E-2 -1E+11
-94937270018313789E-4 1E+0
-63626623271192E-2 -1E+5
85E+0 1E+0
794589746718686718E+0 1E+7
-88E+0 1E+6
-37747E-4 -1E+2
70E+0 -1E+2
-27672E-2 1E+14
-513354542E-4 1E+13
94435856243E-6 -1E+7
394E+0 1E+7
4946E+0 1E+7
67328E+0 1E+5
-405155945561E-6 1E+12
353E+0 1E+6
-475529569657704E+0 1E+13
-2E+0 1E+5
-704090605785510E-6 1E+14
-72430843141E-6 -1E+1
-9470287088595181E-2 -1E+2
46817129E-4 1E+5
955446E+0 -1E+14
264995037260E-2 1E+3
-566799661722229E-6 -1E+9
-1E+0 -1E+8
34E+0 1E+3
5581018085351128139E-2 -1E+11
-96832E-2 -1E+4
-12033988828407E-4 1E+5
-6121411481854E+0 -1E+15
78992116836708E-4 1E+4
310272331555282317E+0 1E+3
4015347989491683E-2 -1E+4
59717651378626E-6 -1E+8
-1701688651373091614E-2 1E+15
-3257461399632869511E-6 1E+10
9345168757907751533E-4 1E+10
726507563915108470E+0 -1E+5
6510184341422892843E+0 1E+7
237E+0 1E+15
-79715966020236E-6 1E+11
488114510E+0 1E+14
-1496500E+0 -1E+0
-9E+0 1E+8
-27894399895E+0 1E+3
-224E-2 -1E+7
-9829707E+0 1E+4
-993115E-4 1E+12
-68E+0 -1E+12
816E-2 1E+8
143E-2 -1E+5
8197016368589235426E+0 1E+9
-517935E-2 -1E+10
156E-2 1E+6
-521987E-4 1E+15
197000E+0 -1E+2
38756567838E-6 -1E+8
23E+0 -1E+1
-4560737E-2 1E+7
-526230750137E-4 1E+2
50031679033597E-2 1E+0
-9200658868469371419E-6 1E+2
-9689980375844E-6 1E+2
7139682981832820700E-2 -1E+15
86579E-4 1E+7
59E+0 1E+5
20545E-4 1E+10
44E+0 1E+9
-85E+0 -1E+3
-4953873500975856867E+0 1E+4
28971352E-2 -1E+14
3290360E-2 -1E+1
-7E+0 1E+3
-38E+0 1E+14
219736E-2 1E+7
7748694525954319E+0 1E+5
380584E+0 1E+13
-1405E+0 -1E+13
502983177646E-4 -1E+1
-17299583E-4 -1E+0
-63905851598E-6 -1E+4
12E+0 -1E+13
4025638753396849975E-4 -1E+6
-26861678770561E-6 -1E+2
-608542563E-4 -1E+0
-715816697031007E-6 -1E+7
4404305E-6 -1E+13
5971368696468048E-6 1E+12
699631E+0 -1E+6
-11549921467180E-4 1E+2
80480670975400361E-4 1E+0
-8474170851466625078E+0 1E+4
3134724572E-6 1E+7
-1782784135000550E-2 1E+14
-222E-2 -1E+2
-24385E+0 -1E+0
703798E-2 1E+6
5E+0 1E+8
-148E-2 1E+4
-55081E-4 -1E+14
-9693382676195880E-4 1E+9
300061528353948E-2 -1E+13
828973910855E+0 1E+0
-1E+0 1E+13
555E+0 -1E+1
7202544648861765E-4 -1E+8
-95E+0 -1E+5
-8874871210E-6 -1E+6
-9307068038047691E+0 -1E+11
-69976E-2 -1E+13
-64E+0 -1E+6
-410E+0 -1E+7
-45214245925453E-4 1E+5
10630649508918042E-6 1E+7
619530385360175373E+0 1E+8
-77157775733E-2 1E+15
-2681E+0 1E+0
69586533E-4 1E+11
116970260795033089E+0 1E+11
-603486255E-4 1E+7
6883E-2 1E+1
4136830970647539E-4 -1E+5
-607838095631117589E-6 -1E+13
4128832943E-6 -1E+6
99744570614E-4 1E+9
-772320272E-6 -1E+14
-999729718493092579E-2 -1E+14
-4E+0 1E+15
552983121949E-2 -1E+12
195E-2 -1E+15
8512719376698593591E+0 1E+0
-669421044888894E-4 1E+5
-24863647819E-6 1E+6
404132364250E-6 -1E+7
666E-2 -1E+12
64970E-4 -1E+5
-812725682015E+0 1E+13
9910689080972003E-6 -1E+5
-135639842E-4 1E+5
-408867735603359036E-6 1E+14
-7308132419768734281E-6 1E+8
-9787E+0 1E+1
52236122025796164E-4 -1E+1
-532868172964477E+0 1E+8
692295E-4 -1E+2
-51694E-2 -1E+7
742406114934571E-4 1E+12
72497910295162103E+0 -1E+4
-7E+0 -1E+15
2085883478047661157E+0 1E+1
-44E+0 -1E+3
205230767E-2 -1E+9
-464747192E-4 -1E+8
